This file contains receptor locations
X_coordinate  Y_Coordinate  Z_Coordinate
----------------------------------------------
364015.9	3771991	1
370306.8	3773704	1
358896.1	3769890	1
368353.1	3765574	1
376088.6	3766774	1
361574.2	3767665	1
373149.5	3770427	1
367270.8	3767385	1
366301.2	3765344	1
373853.7	3763146	1
360014.9	3766680	1
361977.5	3770586	1
369028.4	3773342	1
376287.1	3761473	1
369832.8	3771234	1
368449.8	3762649	1
363501.3	3765321	1
355344.6	3769700	1
371978.2	3765639	1
369011.9	3758744	1
361908.3	3771186	1
367450.4	3767858	1
368865.4	3764270	1
366386.3	3768968	1
367497.1	3762358	1
374217.7	3769742	1
361786.5	3771512	1
368769.1	3762071	1
367469.9	3756959	1
370319.7	3764730	1
374074.1	3760095	1
370722.0	3772700	1
369874.6	3772959	1
368968.5	3767168	1
373774.9	3770471	1
370102.0	3762908	1
366988.8	3761488	1
367133.7	3758387	1
371886.0	3763865	1
372911.5	3766505	1
364529.9	3768286	1
376878.9	3763217	1
364485.1	3766237	1
367691.5	3761781	1
364811.2	3766359	1
367010.1	3755939	1
370409.9	3763730	1
359728.4	3770657	1
363690.5	3769369	1
378676.0	3762950	1
367284.0	3763585	1
371344.4	3764720	1
370240.0	3769406	1
360111.0	3766279	1
367964.8	3766778	1
367836.1	3763805	1
367369.4	3756910	1
366532.6	3760843	1
359122.3	3770013	1
360375.2	3767751	1
372345.2	3759662	1
356624.0	3767588	1
366732.6	3768590	1
366297.3	3764944	1
369735.8	3763811	1
367303.9	3765634	1
364042.1	3761792	1
355905.7	3768270	1
368154.9	3763177	1
366296.7	3762295	1
364909.4	3768757	1
357677.2	3767928	1
369118.1	3761968	1
370875.6	3767925	1
369421.9	3762364	1
370943.3	3772323	1
359212.1	3768962	1
366186.3	3761221	1
366718.0	3767090	1
360583.0	3765975	1
364686.1	3763760	1
369084.5	3771392	1
365313.0	3771703	1
370047.6	3765033	1
366589.7	3766741	1
372865.4	3761756	1
376594.5	3764820	1
370591.9	3769602	1
366776.5	3767964	1
360106.8	3768429	1
371398.8	3765170	1
376233.7	3763698	1
370391.9	3759281	1
369549.6	3760064	1
365083.6	3760932	1
369506.2	3771062	1
369471.3	3770038	1
373792.1	3761947	1
375165.0	3764334	1
359333.9	3768636	1
360059.8	3766155	1
379057.5	3763621	1
364151.6	3770514	1
366236.0	3761196	1
369297.8	3767615	1
370300.0	3770430	1
371139.8	3771971	1
366038.0	3771721	1
369065.5	3759118	1
379055.8	3763446	1
366361.8	3758695	1
370143.2	3769731	1
361831.0	3765788	1
367760.6	3756006	1
376001.0	3762901	1
367227.9	3765535	1
366965.2	3761638	1
363280.9	3770948	1
361252.7	3768018	1
365280.4	3763180	1
354905.9	3768279	1
362660.5	3763680	1
370783.6	3771325	1
360577.1	3767949	1
370563.7	3758954	1
368790.0	3761646	1
375025.3	3760236	1
372874.1	3770380	1
363082.9	3766000	1
374310.7	3761292	1
365581.1	3768426	1
367457.8	3760884	1
361734.1	3768688	1
363952.3	3762842	1
372315.0	3766861	1
354186.8	3768886	1
365351.6	3765378	1
369232.5	3771190	1
376613.5	3761620	1
365673.8	3759926	1
363687.5	3763895	1
357719.9	3769752	1
368153.4	3773325	1
365392.5	3761854	1
355558.2	3768523	1
366340.8	3764269	1
368431.3	3763324	1
369647.9	3772786	1
371632.9	3763543	1
365486.2	3761203	1
373448.5	3762600	1
368325.0	3765250	1
370137.1	3766532	1
366091.9	3761797	1
369889.5	3761610	1
374958.3	3761061	1
366103.2	3757797	1
376727.8	3763094	1
373462.1	3761426	1
368140.3	3771976	1
358684.5	3768693	1
368765.9	3756572	1
374934.5	3766335	1
369701.2	3760237	1
377776.0	3762933	1
368278.1	3773299	1
364886.4	3766383	1
377034.5	3763790	1
378426.8	3763027	1
364063.5	3766591	1
370196.3	3767481	1
375366.0	3764432	1
377435.6	3763912	1
376352.1	3765597	1
370955.4	3768424	1
353106.9	3768372	1
365836.4	3761224	1
365189.3	3764105	1
376767.0	3764568	1
362686.8	3771554	1
363238.4	3771723	1
366655.8	3763241	1
367979.7	3757979	1
372955.4	3763305	1
362446.4	3767381	1
373997.1	3767619	1
368013.9	3764103	1
375651.6	3762954	1
366386.0	3771518	1
371065.2	3761699	1
365247.0	3770054	1
357815.7	3769326	1
361385.2	3768792	1
370362.1	3766530	1
366451.9	3762843	1
368226.8	3762851	1
369557.2	3768587	1
368619.1	3767222	1
357867.2	3769476	1
368651.8	3770596	1
375622.9	3765154	1
366685.3	3766290	1
371687.3	3766567	1
367743.9	3756857	1
375538.0	3764130	1
372487.6	3764034	1
366518.7	3761993	1
374367.4	3767141	1
363932.7	3768567	1
371581.6	3760819	1
375869.5	3767376	1
364716.7	3772084	1
371031.8	3771148	1
366278.8	3768194	1
371271.4	3764921	1
364784.9	3771383	1
370947.5	3759875	1
368925.6	3762744	1
374647.0	3762464	1
373100.0	3767903	1
367182.2	3760811	1
364484.0	3771286	1
373743.1	3769772	1
367731.7	3765930	1
367328.8	3770784	1
369761.9	3761336	1
370664.0	3766727	1
366219.7	3762096	1
377100.2	3762840	1
364154.2	3770789	1
371588.5	3766693	1
363423.4	3765022	1
375612.2	3766629	1
368833.6	3763570	1
364539.8	3769311	1
368124.3	3765177	1
369795.0	3769910	1
363809.9	3771368	1
372945.5	3764855	1
363020.8	3767326	1
367498.5	3757334	1
368069.6	3769852	1
365067.0	3766956	1
378587.0	3764075	1
370552.1	3765503	1
360098.3	3770129	1
368182.6	3763451	1
373516.2	3761850	1
362506.8	3771030	1
378291.7	3761979	1
373559.6	3768898	1
367283.5	3763535	1
365158.3	3763481	1
367917.8	3756755	1
367806.2	3765880	1
367986.4	3771577	1
363894.6	3767217	1
371748.7	3762592	1
366390.4	3766818	1
367127.0	3765436	1
379046.5	3762496	1
359603.9	3770708	1
376853.9	3763217	1
370913.4	3758926	1
376090.5	3764400	1
357284.3	3768656	1
366999.8	3767787	1
354153.1	3767987	1
366694.7	3769840	1
368335.2	3766299	1
369336.8	3758741	1
370314.8	3766805	1
373288.6	3769301	1
377897.3	3765132	1
367265.5	3769409	1
368279.1	3765675	1
367290.6	3756511	1
373621.2	3767523	1
371430.0	3765820	1
369006.8	3765968	1
371983.6	3761040	1
366848.9	3757365	1
361223.8	3770193	1
362756.0	3770953	1
368677.8	3773270	1
362090.7	3766785	1
371552.3	3773267	1
367926.1	3762779	1
376210.4	3761299	1
369659.5	3761087	1
355055.1	3768203	1
365197.3	3767505	1
365425.1	3760054	1
370971.0	3762300	1
369859.0	3771359	1
375627.8	3763079	1
361993.1	3767036	1
358610.0	3768743	1
370732.4	3773775	1
374035.2	3766394	1
364447.9	3770137	1
367620.0	3759557	1
369893.0	3767134	1
375800.1	3767952	1
367079.0	3763062	1
374813.2	3764137	1
366160.6	3761146	1
366546.7	3759718	1
374838.0	3761537	1
364363.6	3771762	1
372884.5	3771455	1
358124.2	3770198	1
369035.7	3758619	1
367830.6	3760655	1
353753.7	3768040	1
357953.4	3768050	1
358381.2	3768346	1
372934.1	3763680	1
371131.1	3765922	1
369813.2	3769210	1
369179.6	3765741	1
367419.1	3767208	1
368895.9	3767419	1
369621.6	3762338	1
359633.4	3768584	1
371194.4	3769871	1
372572.3	3762459	1
375072.1	3762485	1
367838.5	3761480	1
361701.3	3770463	1
364332.4	3765963	1
370275.1	3762706	1
371271.1	3772620	1
365745.3	3764725	1
370375.2	3770454	1
374195.7	3762318	1
367531.2	3758133	1
374808.6	3766237	1
366771.3	3762265	1
365931.0	3760674	1
365312.2	3771628	1
374220.9	3767492	1
366581.9	3758193	1
359868.1	3767006	1
370426.5	3762855	1
365053.1	3760357	1
374349.5	3767866	1
371628.8	3763118	1
361132.3	3768494	1
372995.9	3770054	1
367368.4	3767134	1
364807.7	3771158	1
362176.9	3765359	1
365837.4	3771648	1
362401.3	3767882	1
367795.9	3772554	1
361665.9	3769389	1
372921.9	3765005	1
359527.0	3770509	1
369070.1	3772492	1
367902.7	3773253	1
373878.5	3760547	1
371902.5	3765565	1
363108.3	3771200	1
361141.6	3766869	1
372258.7	3771361	1
367258.0	3766060	1
363755.2	3763144	1
352336.7	3768854	1
369691.8	3772160	1
365815.8	3769424	1
367741.8	3766980	1
375725.6	3765428	1
362762.9	3766503	1
359668.5	3769633	1
366134.6	3768795	1
364269.8	3769813	1
365261.3	3761205	1
369511.3	3771587	1
363738.9	3764044	1
372059.3	3761114	1
374706.0	3760814	1
363128.9	3763000	1
371444.3	3759545	1
374046.2	3759795	1
360955.3	3765696	1
371831.3	3760791	1
374836.7	3769136	1
360887.7	3769046	1
370789.9	3769400	1
358694.7	3769742	1
373549.2	3767824	1
369720.3	3764786	1
376766.6	3761943	1
370785.0	3771475	1
368139.8	3769351	1
366490.1	3761618	1
374302.9	3763067	1
367769.5	3764680	1
364872.8	3770132	1
365703.0	3765525	1
368368.9	3767199	1
366811.0	3758615	1
365970.9	3764798	1
370270.6	3769980	1
360705.4	3770873	1
353560.2	3768717	1
363797.0	3770043	1
368953.7	3765644	1
377536.0	3763961	1
356428.7	3768064	1
364897.9	3762408	1
368323.3	3762500	1
359917.3	3766931	1
368812.9	3769169	1
366768.6	3756816	1
372485.5	3758660	1
375343.9	3762157	1
363296.7	3769998	1
371958.3	3768739	1
353835.2	3768715	1
368629.3	3757948	1
360982.1	3771045	1
366272.0	3759745	1
371371.8	3764970	1
372351.5	3762886	1
357691.5	3769402	1
369718.5	3759437	1
372935.8	3761281	1
369380.5	3758091	1
378090.5	3764430	1
364336.5	3768963	1
366596.5	3764866	1
367625.8	3770481	1
368208.6	3760976	1
363027.4	3765426	1
374236.7	3761393	1
363876.6	3770517	1
368724.6	3770370	1
375205.6	3768507	1
362017.1	3766936	1
367442.1	3772157	1
377503.3	3763161	1
367862.4	3766529	1
373331.3	3768551	1
368822.1	3770119	1
373575.9	3767998	1
366035.6	3761147	1
364401.2	3762738	1
366041.0	3766872	1
370298.7	3770305	1
367269.2	3762060	1
369625.9	3765362	1
375504.0	3763205	1
369485.1	3766313	1
375006.6	3768609	1
376849.3	3762742	1
370994.5	3764724	1
374575.6	3765414	1
353737.6	3768966	1
377985.9	3763956	1
364451.8	3765387	1
356806.3	3768336	1
375664.9	3766903	1
362433.0	3771156	1
376985.4	3766466	1
368867.1	3764445	1
371628.3	3763068	1
371924.6	3767839	1
370162.2	3761382	1
355539.2	3769148	1
370197.8	3765057	1
373755.7	3768496	1
370492.7	3761954	1
367538.8	3764082	1
365350.3	3762654	1
365617.6	3759277	1
373168.9	3769852	1
371545.4	3762244	1
375028.2	3765685	1
367181.0	3768435	1
375560.8	3766479	1
368412.0	3761324	1
364241.1	3769439	1
360829.4	3770772	1
375554.3	3765804	1
359711.2	3768883	1
371225.0	3770446	1
361342.9	3769592	1
367093.5	3756813	1
373342.1	3759352	1
374256.4	3760843	1
366072.3	3770096	1
372420.7	3759711	1
370629.6	3763178	1
366037.3	3771646	1
364902.2	3768008	1
359213.0	3769062	1
368610.5	3768921	1
356030.2	3768218	1
367880.1	3770928	1
371541.3	3759244	1
374895.7	3762336	1
371912.7	3764040	1
368938.2	3764044	1
369206.8	3765966	1
365207.6	3771154	1
364229.7	3770839	1
367024.0	3767712	1
370772.9	3772800	1
367336.9	3763884	1
366807.1	3758215	1
364397.6	3762363	1
366063.8	3769221	1
365449.3	3770302	1
370225.3	3762732	1
360978.0	3768046	1
359069.0	3767089	1
367109.2	3766186	1
373790.9	3766971	1
370337.3	3766555	1
371393.4	3772344	1
369163.3	3758892	1
373325.4	3767951	1
372285.6	3758662	1
371234.2	3766246	1
374988.4	3766735	1
363861.8	3768992	1
355681.2	3768322	1
379150.9	3762945	1
366205.6	3758046	1
366676.9	3762841	1
373757.9	3768722	1
369929.7	3768334	1
368311.0	3761225	1
365800.3	3760075	1
358142.1	3769473	1
377148.0	3765189	1
366007.6	3758248	1
368236.6	3771600	1
363613.0	3763946	1
365027.9	3768081	1
366285.9	3758595	1
364693.4	3761935	1
361860.0	3771362	1
366286.5	3771569	1
362692.8	3764429	1
362185.0	3771358	1
376895.9	3762392	1
371443.9	3769819	1
368152.2	3765476	1
357611.7	3768903	1
360709.7	3766148	1
372558.7	3761059	1
376670.7	3764944	1
364038.7	3761442	1
370301.2	3773129	1
374360.4	3763841	1
377226.9	3763014	1
362005.8	3765761	1
377009.2	3763766	1
363167.6	3766999	1
366954.8	3760564	1
366702.8	3762941	1
367450.9	3767908	1
363006.0	3765801	1
373694.3	3764748	1
369516.9	3764438	1
370355.4	3763255	1
370390.8	3761755	1
366384.4	3766193	1
354359.6	3768660	1
372291.5	3769586	1
375453.3	3765706	1
363236.2	3771498	1
360619.6	3767174	1
365877.3	3762874	1
368476.4	3765398	1
373929.7	3765820	1
372510.4	3761235	1
360154.4	3768178	1
374337.3	3769191	1
374747.5	3759938	1
369052.0	3762893	1
359537.8	3766460	1
374708.4	3766213	1
363987.3	3771616	1
374247.8	3765117	1
371075.6	3760199	1
372389.3	3769360	1
368027.9	3760378	1
376682.6	3761019	1
364740.6	3766809	1
360259.0	3766078	1
359548.5	3767559	1
360717.1	3769498	1
358985.9	3768840	1
369928.2	3765609	1
377771.6	3765058	1
359493.1	3769585	1
365563.8	3761477	1
367455.3	3763208	1
365332.8	3763429	1
363994.6	3769791	1
361412.8	3769066	1
365563.7	3766626	1
368419.8	3769873	1
373110.7	3769003	1
364768.6	3761960	1
371119.8	3762173	1
374150.5	3767968	1
371882.2	3763466	1
377990.8	3761882	1
375732.9	3763603	1
362785.8	3763704	1
353324.9	3767645	1
363198.6	3762450	1
371693.3	3772341	1
369428.6	3763064	1
377289.8	3761763	1
365594.6	3764651	1
367124.3	3765161	1
367989.7	3761604	1
363697.1	3767469	1
368209.0	3758427	1
375327.6	3765632	1
368276.7	3765425	1
362683.6	3763480	1
372266.7	3767036	1
365771.9	3764900	1
369729.2	3757962	1
361407.7	3771116	1
358927.6	3770565	1
371003.7	3765674	1
359622.5	3767459	1
371423.7	3767744	1
371488.3	3771818	1
359453.3	3768060	1
366488.9	3761493	1
373482.0	3763475	1
374676.8	3768113	1
372119.9	3772512	1
357372.6	3770030	1
374956.1	3765985	1
360577.8	3768024	1
360897.0	3767421	1
367474.9	3772957	1
366431.4	3768468	1
364145.8	3767340	1
354230.8	3768261	1
367811.8	3756131	1
366876.5	3767963	1
365987.9	3766547	1
364733.7	3768684	1
369168.4	3767166	1
359229.5	3770762	1
367362.5	3769108	1
372103.2	3768213	1
354735.8	3768781	1
368981.8	3768543	1
356181.9	3768392	1
372177.0	3765512	1
372799.9	3762732	1
378927.2	3763072	1
367787.7	3766555	1
367120.2	3756988	1
369596.7	3772661	1
370215.4	3761707	1
365138.0	3769130	1
370452.7	3760405	1
366846.1	3759665	1
370228.4	3757882	1
364580.9	3765811	1
369704.5	3763162	1
366944.3	3764638	1
364041.5	3766891	1
368918.2	3759395	1
368756.5	3763346	1
375157.0	3766083	1
370928.6	3760500	1
369799.1	3765185	1
370924.3	3770374	1
364322.8	3764964	1
368572.2	3759798	1
359623.9	3767609	1
360266.0	3769377	1
376312.6	3761523	1
364721.1	3767384	1
372077.9	3770762	1
374119.7	3764794	1
375696.7	3762454	1
372144.7	3764763	1
364227.1	3767989	1
370267.9	3772280	1
354090.5	3769262	1
371845.5	3764841	1
371311.7	3763921	1
368587.1	3763922	1
373512.8	3769224	1
372689.5	3761658	1
369457.0	3773713	1
362138.9	3769184	1
361302.2	3767967	1
377227.9	3763114	1
367369.1	3772358	1
365027.6	3770631	1
370836.3	3763876	1
358830.4	3768266	1
372826.9	3760357	1
363545.1	3769845	1
374978.0	3763086	1
365066.5	3764331	1
364389.6	3761538	1
366459.1	3766168	1
376902.2	3763042	1
363985.1	3771391	1
369787.8	3761436	1
373944.3	3762171	1
365052.4	3765456	1
355692.8	3769522	1
370452.4	3762954	1
371657.2	3763468	1
365521.2	3769976	1
373985.5	3763845	1
374034.5	3766319	1
368806.1	3760721	1
370705.2	3765826	1
360576.9	3767924	1
371100.5	3767922	1
376231.1	3760849	1
375858.1	3763627	1
363264.7	3766698	1
362744.2	3764579	1
362384.2	3763532	1
364108.0	3763441	1
362734.4	3771303	1
373277.7	3763027	1
367166.6	3756612	1
371692.8	3769716	1
368974.3	3767768	1
360406.5	3768401	1
367354.0	3770808	1
372635.4	3761234	1
368758.8	3771320	1
370334.2	3766230	1
366334.3	3771343	1
370569.7	3759579	1
370108.5	3768732	1
367021.6	3767462	1
373829.7	3765821	1
375997.1	3767650	1
372397.1	3762436	1
368380.8	3763274	1
375102.7	3768208	1
369122.3	3767567	1
366069.9	3767271	1
365679.4	3768250	1
357471.9	3769954	1
369047.8	3772767	1
355766.6	3769396	1
376711.0	3766518	1
369350.9	3770514	1
366320.0	3772443	1
370391.4	3769554	1
365980.3	3768347	1
367249.1	3762560	1
375050.7	3768009	1
361310.0	3768767	1
366988.3	3769187	1
364995.7	3764757	1
376142.7	3767199	1
358310.6	3768796	1
356400.0	3767690	1
374982.3	3763535	1
372732.2	3760908	1
371381.8	3763420	1
363630.1	3770870	1
362321.3	3764783	1
376292.4	3767172	1
371246.1	3770046	1
365191.3	3764305	1
367620.5	3772506	1
368091.1	3756578	1
363145.5	3767300	1
359491.4	3769410	1
370001.8	3762884	1
376657.6	3766169	1
373050.0	3767904	1
370129.2	3763132	1
370024.6	3757484	1
361970.6	3764711	1
375063.4	3766734	1
371395.2	3762220	1
370147.3	3770156	1
375439.5	3761706	1
371250.7	3767946	1
368311.6	3769024	1
367505.2	3760608	1
373425.7	3762826	1
375237.1	3766607	1
371198.3	3772846	1
374715.9	3761838	1
362318.6	3764508	1
357014.0	3769134	1
367677.8	3765531	1
365210.6	3766305	1
368842.9	3756771	1
375323.8	3762657	1
370945.2	3769949	1
377191.0	3761889	1
365578.8	3763027	1
365822.9	3764999	1
358543.5	3769619	1
367869.3	3762080	1
362670.6	3769879	1
375243.9	3767307	1
365703.0	3768100	1
371002.5	3762974	1
364138.3	3766565	1
374142.0	3761944	1
366228.1	3770694	1
365764.3	3761525	1
367771.9	3759756	1
369219.9	3767316	1
372380.8	3763336	1
359944.4	3769730	1
375425.4	3767980	1
373676.8	3768097	1
362906.9	3763302	1
367590.0	3756458	1
362557.1	3765906	1
371900.5	3767940	1
372000.3	3770488	1
374168.5	3762094	1
364560.9	3761162	1
374087.4	3766619	1
362932.5	3765952	1
373617.2	3761949	1
376514.9	3766920	1
372096.2	3762339	1
361039.2	3766620	1
366101.2	3760172	1
371523.0	3767668	1
370365.4	3759131	1
376156.3	3760874	1
361901.2	3765287	1
368391.6	3759225	1
360066.1	3766804	1
367137.5	3761362	1
367921.6	3772628	1
359270.1	3767212	1
369701.2	3762812	1
365141.7	3766930	1
368192.9	3769675	1
371572.0	3770142	1
362141.9	3766909	1
361645.7	3764714	1
379302.1	3763069	1
366687.2	3758742	1
366203.3	3770720	1
370643.6	3769777	1
373586.1	3769048	1
353723.1	3767466	1
368304.1	3773399	1
368624.9	3772971	1
368199.5	3765201	1
353080.5	3768222	1
363762.8	3771668	1
370676.2	3762827	1
362711.5	3763779	1
356235.7	3768791	1
367099.9	3762637	1
365842.2	3761824	1
371984.0	3771388	1
375798.1	3767752	1
365735.2	3768849	1
370651.1	3767977	1
370717.8	3767126	1
364744.1	3772334	1
372087.4	3771737	1
374556.7	3763465	1
373856.4	3763421	1
376300.2	3765397	1
366888.5	3761464	1
375189.6	3764283	1
371694.8	3764767	1
378324.4	3762778	1
356062.4	3768968	1
377924.8	3762807	1
365753.6	3763000	1
364064.1	3764066	1
376880.9	3763417	1
365102.9	3765506	1
365261.7	3763830	1
361645.9	3764739	1
366860.1	3763689	1
366283.5	3758346	1
369582.7	3766062	1
365568.7	3769726	1
370616.5	3761828	1
376423.4	3765221	1
368897.0	3762370	1
374277.2	3760418	1
368983.5	3768718	1
369286.4	3766440	1
371746.0	3764892	1
367330.6	3763235	1
362717.0	3766929	1
361703.0	3770638	1
368757.6	3768620	1
365295.1	3764704	1
355615.9	3769322	1
368708.8	3768746	1
365994.2	3759448	1
371058.8	3763623	1
361580.1	3765690	1
367669.5	3759507	1
361054.5	3765620	1
373430.8	3768500	1
373471.3	3767524	1
363173.2	3767574	1
369944.0	3767234	1
375099.8	3760185	1
361933.0	3765986	1
367817.0	3772154	1
378023.0	3762631	1
372753.8	3760558	1
367259.4	3766210	1
376138.8	3761650	1
369464.8	3761639	1
374962.9	3766685	1
369753.9	3760512	1
372788.0	3769231	1
373208.0	3763578	1
368835.3	3758571	1
364764.5	3761535	1
371073.6	3765148	1
363567.2	3769545	1
372263.8	3771886	1
365962.0	3763873	1
357637.6	3769003	1
364456.8	3763312	1
367281.7	3755586	1
370699.6	3770401	1
370130.5	3760683	1
375221.1	3762383	1
362727.7	3765454	1
366160.8	3771495	1
378724.3	3762774	1
357603.2	3768028	1
364086.0	3761166	1
359760.5	3768807	1
368394.8	3759550	1
378661.9	3764075	1
364606.3	3768435	1
370471.9	3762379	1
374495.3	3767440	1
369725.8	3770510	1
376943.5	3762142	1
375476.1	3762906	1
369370.1	3767339	1
370462.6	3766579	1
368479.0	3768248	1
373627.8	3763049	1
372744.0	3769856	1
370253.4	3773355	1
369254.8	3770915	1
375318.2	3762082	1
376095.6	3764924	1
372877.3	3765556	1
371130.9	3763323	1
365638.6	3761451	1
363599.5	3767720	1
372115.5	3769487	1
370489.0	3769303	1
362820.7	3764728	1
366315.2	3766794	1
360815.7	3766772	1
372697.6	3759908	1
359374.0	3767611	1
367282.5	3768584	1
366298.2	3770194	1
362037.0	3768985	1
360040.9	3766780	1
367276.4	3760211	1
373077.9	3770778	1
376827.5	3765642	1
366992.7	3759314	1
361820.0	3769812	1
366234.1	3771319	1
362051.3	3770460	1
368824.0	3759996	1
378445.3	3762352	1
366693.6	3764566	1
366864.9	3766764	1
358880.1	3768241	1
365646.4	3770000	1
373294.0	3762127	1
367308.6	3771284	1
365433.3	3760903	1
