Source input file
Group  X_b    Y_b   Z_b    X_e    Y_e   Z_e  dCL  sigmaz0 #lanes  Emis  Hw1  dw1  Hw2  dw2 Depth  Wtop  Wbottom
----------------------------------------------
G1	361791.7	3764495	1	361802.6	3764485	1	0	2	4	 96394.6	0	0	0	0	0	0	0
G1	361802.6	3764485	1	361806.1	3764482	1	0	2	4	 96373.1	0	0	0	0	0	0	0
G1	361806.1	3764482	1	361818.1	3764473	1	0	2	4	 96254.0	0	0	0	0	0	0	0
G1	361818.1	3764473	1	361824.4	3764468	1	0	2	4	 96215.1	0	0	0	0	0	0	0
G1	361834.4	3764451	1	361810.4	3764465	1	0	2	4	 96158.2	0	0	0	0	0	0	0
G1	361810.4	3764465	1	361789.8	3764480	1	0	2	4	 96238.7	0	0	0	0	0	0	0
G1	361789.8	3764480	1	361785.4	3764483	1	0	2	4	 96359.7	0	0	0	0	0	0	0
G1	361785.4	3764483	1	361761.2	3764510	1	0	2	4	 96442.5	0	0	0	0	0	0	0
G1	361761.2	3764510	1	361734.4	3764540	1	0	2	4	 96630.5	0	0	0	0	0	0	0
G1	361729.1	3764567	1	361746.0	3764546	1	0	2	4	 96904.0	0	0	0	0	0	0	0
G1	361746.0	3764546	1	361762.7	3764526	1	0	2	4	 96783.1	0	0	0	0	0	0	0
G1	361762.7	3764526	1	361791.7	3764495	1	0	2	4	 96630.0	0	0	0	0	0	0	0
G1	361958.2	3764437	1	361965.2	3764436	1	0	2	4	 96364.3	0	0	0	0	0	0	0
G1	362787.7	3764795	1	362795.0	3764800	1	0	2	4	113065.7	0	0	0	0	0	0	0
G1	361975.4	3764423	1	361965.9	3764424	1	0	2	4	 95466.7	0	0	0	0	0	0	0
G1	362838.2	3764809	1	362806.8	3764785	1	0	2	4	113723.6	0	0	0	0	0	0	0
G1	361965.2	3764436	1	361970.6	3764434	1	0	2	4	 96387.2	0	0	0	0	0	0	0
G1	361965.9	3764424	1	361960.2	3764425	1	0	2	4	 95435.9	0	0	0	0	0	0	0
G1	361958.2	3764437	1	361949.8	3764439	1	0	2	4	 96287.1	0	0	0	0	0	0	0
G1	362806.8	3764785	1	362801.3	3764782	1	0	2	4	113101.7	0	0	0	0	0	0	0
G1	362041.1	3764446	1	362065.7	3764460	1	0	2	4	 97059.6	0	0	0	0	0	0	0
G1	362065.7	3764460	1	362125.6	3764505	1	0	2	4	 97529.8	0	0	0	0	0	0	0
G1	362125.6	3764505	1	362140.2	3764515	1	0	2	4	 97890.4	0	0	0	0	0	0	0
G1	362140.2	3764515	1	362166.3	3764529	1	0	2	4	 98031.3	0	0	0	0	0	0	0
G1	362166.3	3764529	1	362194.7	3764539	1	0	2	4	 99064.6	0	0	0	0	0	0	0
G1	362194.7	3764539	1	362211.7	3764543	1	0	2	4	 99293.3	0	0	0	0	0	0	0
G1	362211.7	3764543	1	362246.2	3764549	1	0	2	4	 99428.0	0	0	0	0	0	0	0
G1	362246.2	3764549	1	362354.6	3764553	1	0	2	4	 99815.2	0	0	0	0	0	0	0
G1	362364.3	3764542	1	362293.4	3764540	1	0	2	4	 99962.8	0	0	0	0	0	0	0
G1	362293.4	3764540	1	362253.0	3764539	1	0	2	4	 99644.6	0	0	0	0	0	0	0
G1	362253.0	3764539	1	362245.4	3764538	1	0	2	4	 99505.6	0	0	0	0	0	0	0
G1	362245.4	3764538	1	362218.4	3764534	1	0	2	4	 99389.5	0	0	0	0	0	0	0
G1	362218.4	3764534	1	362200.7	3764529	1	0	2	4	 99272.1	0	0	0	0	0	0	0
G1	362200.7	3764529	1	362191.1	3764526	1	0	2	4	 98285.4	0	0	0	0	0	0	0
G1	362191.1	3764526	1	362175.6	3764520	1	0	2	4	 98190.5	0	0	0	0	0	0	0
G1	362175.6	3764520	1	362166.6	3764517	1	0	2	4	 98118.3	0	0	0	0	0	0	0
G1	362166.6	3764517	1	362162.5	3764515	1	0	2	4	 98078.6	0	0	0	0	0	0	0
G1	362162.5	3764515	1	362148.1	3764506	1	0	2	4	 98016.0	0	0	0	0	0	0	0
G1	362801.3	3764782	1	362795.3	3764778	1	0	2	4	112944.7	0	0	0	0	0	0	0
G1	362418.0	3764548	1	362413.5	3764546	1	0	2	4	101190.2	0	0	0	0	0	0	0
G1	362413.5	3764546	1	362381.7	3764544	1	0	2	4	100823.3	0	0	0	0	0	0	0
G1	362381.7	3764544	1	362370.4	3764543	1	0	2	4	100380.2	0	0	0	0	0	0	0
G1	361970.6	3764434	1	361973.0	3764434	1	0	2	4	 96401.6	0	0	0	0	0	0	0
G1	361949.8	3764439	1	361916.4	3764443	1	0	2	4	 96204.8	0	0	0	0	0	0	0
G1	361916.4	3764443	1	361893.6	3764446	1	0	2	4	 96096.2	0	0	0	0	0	0	0
G1	361893.6	3764446	1	361865.6	3764448	1	0	2	4	 96099.7	0	0	0	0	0	0	0
G1	362780.5	3764789	1	362787.7	3764795	1	0	2	4	112890.1	0	0	0	0	0	0	0
G1	361958.1	3764426	1	361951.4	3764426	1	0	2	4	 96251.4	0	0	0	0	0	0	0
G1	361951.4	3764426	1	361916.3	3764431	1	0	2	4	 96165.0	0	0	0	0	0	0	0
G1	361916.3	3764431	1	361874.7	3764435	1	0	2	4	 96028.8	0	0	0	0	0	0	0
G1	362028.5	3764431	1	362006.8	3764424	1	0	2	4	 96687.3	0	0	0	0	0	0	0
G1	362006.8	3764424	1	361999.8	3764423	1	0	2	4	 95715.4	0	0	0	0	0	0	0
G1	361999.8	3764423	1	361995.9	3764422	1	0	2	4	 95687.9	0	0	0	0	0	0	0
G1	361995.9	3764422	1	361991.3	3764422	1	0	2	4	 95566.1	0	0	0	0	0	0	0
G1	361991.3	3764422	1	361985.6	3764422	1	0	2	4	 95542.8	0	0	0	0	0	0	0
G1	362370.4	3764543	1	362364.3	3764542	1	0	2	4	100259.2	0	0	0	0	0	0	0
G1	361824.4	3764468	1	361836.9	3764460	1	0	2	4	 96178.3	0	0	0	0	0	0	0
G1	362148.1	3764506	1	362137.7	3764500	1	0	2	4	 97904.0	0	0	0	0	0	0	0
G1	362137.7	3764500	1	362131.0	3764495	1	0	2	4	 97765.4	0	0	0	0	0	0	0
G1	362131.0	3764495	1	362100.1	3764472	1	0	2	4	 97628.2	0	0	0	0	0	0	0
G1	362100.1	3764472	1	362073.0	3764453	1	0	2	4	 97307.7	0	0	0	0	0	0	0
G1	362073.0	3764453	1	362056.9	3764443	1	0	2	4	 97037.6	0	0	0	0	0	0	0
G1	362056.9	3764443	1	362035.0	3764433	1	0	2	4	 96920.4	0	0	0	0	0	0	0
G1	362035.0	3764433	1	362028.5	3764431	1	0	2	4	 96764.5	0	0	0	0	0	0	0
G1	361985.6	3764422	1	361981.5	3764422	1	0	2	4	 95520.6	0	0	0	0	0	0	0
G1	361981.5	3764422	1	361975.4	3764423	1	0	2	4	 95498.6	0	0	0	0	0	0	0
G1	361874.7	3764435	1	361857.0	3764440	1	0	2	4	 95982.6	0	0	0	0	0	0	0
G1	361857.0	3764440	1	361848.7	3764443	1	0	2	4	 96008.3	0	0	0	0	0	0	0
G1	361848.7	3764443	1	361834.4	3764451	1	0	2	4	 96040.5	0	0	0	0	0	0	0
G1	361986.3	3764432	1	361994.9	3764431	1	0	2	4	 96478.5	0	0	0	0	0	0	0
G1	361994.9	3764431	1	362010.3	3764434	1	0	2	4	 96634.5	0	0	0	0	0	0	0
G1	362010.3	3764434	1	362029.5	3764441	1	0	2	4	 96728.0	0	0	0	0	0	0	0
G1	362029.5	3764441	1	362041.1	3764446	1	0	2	4	 96889.7	0	0	0	0	0	0	0
G1	362368.8	3764555	1	362384.6	3764558	1	0	2	4	100496.8	0	0	0	0	0	0	0
G1	362384.6	3764558	1	362398.5	3764560	1	0	2	4	100805.8	0	0	0	0	0	0	0
G1	362398.5	3764560	1	362426.0	3764566	1	0	2	4	101251.5	0	0	0	0	0	0	0
G1	362426.0	3764566	1	362458.5	3764575	1	0	2	4	101894.3	0	0	0	0	0	0	0
G1	362458.5	3764575	1	362463.3	3764577	1	0	2	4	102304.6	0	0	0	0	0	0	0
G1	362463.3	3764577	1	362480.4	3764583	1	0	2	4	102647.2	0	0	0	0	0	0	0
G1	362480.4	3764583	1	362501.0	3764592	1	0	2	4	103079.0	0	0	0	0	0	0	0
G1	362501.0	3764592	1	362520.4	3764602	1	0	2	4	103551.5	0	0	0	0	0	0	0
G1	362520.4	3764602	1	362550.9	3764623	1	0	2	4	104234.2	0	0	0	0	0	0	0
G1	362550.9	3764623	1	362583.8	3764646	1	0	2	4	105495.3	0	0	0	0	0	0	0
G1	362583.8	3764646	1	362643.2	3764688	1	0	2	4	107153.5	0	0	0	0	0	0	0
G1	362643.2	3764688	1	362679.0	3764715	1	0	2	4	108431.8	0	0	0	0	0	0	0
G1	362679.0	3764715	1	362723.7	3764748	1	0	2	4	109627.3	0	0	0	0	0	0	0
G1	362723.7	3764748	1	362751.8	3764768	1	0	2	4	110641.8	0	0	0	0	0	0	0
G1	362751.8	3764768	1	362780.5	3764789	1	0	2	4	112256.2	0	0	0	0	0	0	0
G1	361960.2	3764425	1	361958.1	3764426	1	0	2	4	 96317.4	0	0	0	0	0	0	0
G1	362354.6	3764553	1	362368.8	3764555	1	0	2	4	100297.5	0	0	0	0	0	0	0
G1	361865.6	3764448	1	361854.0	3764452	1	0	2	4	 96038.2	0	0	0	0	0	0	0
G1	361854.0	3764452	1	361849.8	3764453	1	0	2	4	 96053.4	0	0	0	0	0	0	0
G1	361849.8	3764453	1	361836.9	3764460	1	0	2	4	 96185.1	0	0	0	0	0	0	0
G1	362795.3	3764778	1	362766.2	3764760	1	0	2	4	112469.6	0	0	0	0	0	0	0
G1	362766.2	3764760	1	362752.9	3764752	1	0	2	4	111135.3	0	0	0	0	0	0	0
G1	362752.9	3764752	1	362744.0	3764746	1	0	2	4	110780.0	0	0	0	0	0	0	0
G1	362744.0	3764746	1	362715.7	3764726	1	0	2	4	110274.5	0	0	0	0	0	0	0
G1	362715.7	3764726	1	362679.7	3764700	1	0	2	4	109388.2	0	0	0	0	0	0	0
G1	362679.7	3764700	1	362645.8	3764676	1	0	2	4	108346.3	0	0	0	0	0	0	0
G1	362645.8	3764676	1	362633.8	3764667	1	0	2	4	107721.4	0	0	0	0	0	0	0
G1	362633.8	3764667	1	362625.4	3764661	1	0	2	4	107453.7	0	0	0	0	0	0	0
G1	362625.4	3764661	1	362584.2	3764630	1	0	2	4	106344.5	0	0	0	0	0	0	0
G1	362584.2	3764630	1	362540.7	3764599	1	0	2	4	104782.6	0	0	0	0	0	0	0
G1	362540.7	3764599	1	362515.7	3764584	1	0	2	4	103889.2	0	0	0	0	0	0	0
G1	362515.7	3764584	1	362496.7	3764574	1	0	2	4	103333.3	0	0	0	0	0	0	0
G1	362496.7	3764574	1	362485.3	3764569	1	0	2	4	102855.5	0	0	0	0	0	0	0
G1	362485.3	3764569	1	362468.9	3764562	1	0	2	4	102537.1	0	0	0	0	0	0	0
G1	362468.9	3764562	1	362453.0	3764556	1	0	2	4	102197.9	0	0	0	0	0	0	0
G1	362453.0	3764556	1	362442.0	3764553	1	0	2	4	101902.4	0	0	0	0	0	0	0
G1	362442.0	3764553	1	362418.0	3764548	1	0	2	4	101488.5	0	0	0	0	0	0	0
G1	361973.0	3764434	1	361982.2	3764432	1	0	2	4	 96424.2	0	0	0	0	0	0	0
G1	361982.2	3764432	1	361986.3	3764432	1	0	2	4	 96451.0	0	0	0	0	0	0	0
G1	363685.5	3765584	1	363717.1	3765614	1	0	2	4	144225.7	0	0	0	0	0	0	0
G1	363717.1	3765614	1	363754.2	3765641	1	0	2	4	145246.5	0	0	0	0	0	0	0
G1	363754.2	3765641	1	363788.1	3765664	1	0	2	4	146293.7	0	0	0	0	0	0	0
G1	363788.1	3765664	1	363822.8	3765684	1	0	2	4	147019.5	0	0	0	0	0	0	0
G1	363822.8	3765684	1	363881.0	3765712	1	0	2	4	147976.5	0	0	0	0	0	0	0
G1	363881.0	3765712	1	363925.6	3765728	1	0	2	4	149420.1	0	0	0	0	0	0	0
G1	363701.1	3765575	1	363724.0	3765592	1	0	2	4	144267.4	0	0	0	0	0	0	0
G1	363724.0	3765592	1	363762.5	3765620	1	0	2	4	145168.9	0	0	0	0	0	0	0
G1	363762.5	3765620	1	363795.9	3765642	1	0	2	4	146225.2	0	0	0	0	0	0	0
G1	363795.9	3765642	1	363836.4	3765666	1	0	2	4	147026.9	0	0	0	0	0	0	0
G1	363836.4	3765666	1	363861.4	3765679	1	0	2	4	147592.1	0	0	0	0	0	0	0
G1	363861.4	3765679	1	363891.4	3765693	1	0	2	4	148342.5	0	0	0	0	0	0	0
G1	363891.4	3765693	1	363941.3	3765711	1	0	2	4	149480.9	0	0	0	0	0	0	0
G1	363259.5	3765182	1	363264.6	3765187	1	0	2	4	129369.8	0	0	0	0	0	0	0
G1	363264.6	3765187	1	363312.3	3765233	1	0	2	4	130146.3	0	0	0	0	0	0	0
G1	363367.4	3765255	1	363327.4	3765218	1	0	2	4	131651.0	0	0	0	0	0	0	0
G1	363352.1	3765271	1	363365.3	3765283	1	0	2	4	132153.8	0	0	0	0	0	0	0
G1	363365.3	3765283	1	363389.0	3765307	1	0	2	4	132932.3	0	0	0	0	0	0	0
G1	363685.5	3765584	1	363654.1	3765551	1	0	2	4	143165.8	0	0	0	0	0	0	0
G1	363654.1	3765551	1	363619.6	3765521	1	0	2	4	141926.1	0	0	0	0	0	0	0
G1	363312.3	3765233	1	363352.1	3765271	1	0	2	4	131492.3	0	0	0	0	0	0	0
G1	363327.4	3765218	1	363280.5	3765174	1	0	2	4	130014.8	0	0	0	0	0	0	0
G1	363280.5	3765174	1	363261.6	3765156	1	0	2	4	128547.6	0	0	0	0	0	0	0
G1	363508.8	3765420	1	363554.4	3765460	1	0	2	4	137861.1	0	0	0	0	0	0	0
G1	363554.4	3765460	1	363619.6	3765521	1	0	2	4	140405.2	0	0	0	0	0	0	0
G1	363261.6	3765156	1	363191.5	3765091	1	0	2	4	127215.7	0	0	0	0	0	0	0
G1	362795.0	3764800	1	362901.0	3764876	1	0	2	4	114593.2	0	0	0	0	0	0	0
G1	362901.0	3764876	1	362959.7	3764917	1	0	2	4	117693.8	0	0	0	0	0	0	0
G1	362959.7	3764917	1	363022.0	3764964	1	0	2	4	119502.2	0	0	0	0	0	0	0
G1	363022.0	3764964	1	363065.5	3764999	1	0	2	4	121084.3	0	0	0	0	0	0	0
G1	363087.3	3765018	1	363128.2	3765052	1	0	2	4	123666.9	0	0	0	0	0	0	0
G1	363128.2	3765052	1	363152.8	3765075	1	0	2	4	124682.7	0	0	0	0	0	0	0
G1	363152.8	3765075	1	363183.4	3765104	1	0	2	4	125526.2	0	0	0	0	0	0	0
G1	363048.7	3764964	1	363039.9	3764956	1	0	2	4	120797.3	0	0	0	0	0	0	0
G1	363039.9	3764956	1	362962.4	3764898	1	0	2	4	119585.6	0	0	0	0	0	0	0
G1	362962.4	3764898	1	362912.8	3764864	1	0	2	4	117655.7	0	0	0	0	0	0	0
G1	362912.8	3764864	1	362838.2	3764809	1	0	2	4	115195.3	0	0	0	0	0	0	0
G1	363629.3	3765510	1	363596.9	3765481	1	0	2	4	140544.5	0	0	0	0	0	0	0
G1	363596.9	3765481	1	363561.7	3765447	1	0	2	4	139551.7	0	0	0	0	0	0	0
G1	363561.7	3765447	1	363548.6	3765435	1	0	2	4	138360.3	0	0	0	0	0	0	0
G1	363548.6	3765435	1	363498.2	3765380	1	0	2	4	137244.7	0	0	0	0	0	0	0
G1	363065.5	3764999	1	363087.3	3765018	1	0	2	4	121977.7	0	0	0	0	0	0	0
G1	363191.5	3765091	1	363160.1	3765061	1	0	2	4	125546.9	0	0	0	0	0	0	0
G1	363160.1	3765061	1	363098.9	3765005	1	0	2	4	123651.2	0	0	0	0	0	0	0
G1	363258.2	3765180	1	363259.5	3765182	1	0	2	4	129255.5	0	0	0	0	0	0	0
G1	363070.7	3764982	1	363048.7	3764964	1	0	2	4	121342.8	0	0	0	0	0	0	0
G1	363098.9	3765005	1	363070.7	3764982	1	0	2	4	121970.1	0	0	0	0	0	0	0
G1	363183.4	3765104	1	363227.4	3765145	1	0	2	4	126741.5	0	0	0	0	0	0	0
G1	363227.4	3765145	1	363258.2	3765180	1	0	2	4	127950.4	0	0	0	0	0	0	0
G1	363701.1	3765575	1	363658.3	3765535	1	0	2	4	143183.2	0	0	0	0	0	0	0
G1	363658.3	3765535	1	363629.3	3765510	1	0	2	4	141926.7	0	0	0	0	0	0	0
G1	363389.0	3765307	1	363398.0	3765317	1	0	2	4	133277.7	0	0	0	0	0	0	0
G1	363398.0	3765317	1	363493.2	3765405	1	0	2	4	134941.3	0	0	0	0	0	0	0
G1	363493.2	3765405	1	363508.8	3765420	1	0	2	4	136928.2	0	0	0	0	0	0	0
G1	363403.1	3765290	1	363367.4	3765255	1	0	2	4	132676.1	0	0	0	0	0	0	0
G1	363498.2	3765380	1	363403.1	3765290	1	0	2	4	134697.6	0	0	0	0	0	0	0
G1	365983.5	3769267	1	365988.8	3769259	1	0	2	4	240194.4	0	0	0	0	0	0	0
G1	365996.1	3769289	1	366029.0	3769240	1	0	2	4	240343.9	0	0	0	0	0	0	0
G1	365988.8	3769259	1	366005.6	3769234	1	0	2	4	240209.3	0	0	0	0	0	0	0
G1	365972.2	3769285	1	365977.5	3769276	1	0	2	4	239835.9	0	0	0	0	0	0	0
G1	365977.5	3769276	1	365983.5	3769267	1	0	2	4	240197.3	0	0	0	0	0	0	0
G1	365899.3	3769390	1	365934.2	3769337	1	0	2	4	239427.9	0	0	0	0	0	0	0
G1	365991.1	3769296	1	365996.1	3769289	1	0	2	4	240140.4	0	0	0	0	0	0	0
G1	364507.1	3771485	1	364578.4	3771368	1	0	2	4	248026.9	0	0	0	0	0	0	0
G1	364578.4	3771368	1	364642.2	3771270	1	0	2	4	249242.6	0	0	0	0	0	0	0
G1	364642.2	3771270	1	364679.4	3771207	1	0	2	4	245744.7	0	0	0	0	0	0	0
G1	365541.0	3769939	1	365606.9	3769845	1	0	2	4	245644.4	0	0	0	0	0	0	0
G1	365606.9	3769845	1	365643.9	3769791	1	0	2	4	244213.7	0	0	0	0	0	0	0
G1	365394.5	3770191	1	365488.6	3770052	1	0	2	4	246502.1	0	0	0	0	0	0	0
G1	365488.6	3770052	1	365526.0	3770002	1	0	2	4	246174.9	0	0	0	0	0	0	0
G1	364356.1	3771722	1	364415.0	3771634	1	0	2	4	244096.9	0	0	0	0	0	0	0
G1	364415.0	3771634	1	364484.0	3771524	1	0	2	4	247645.4	0	0	0	0	0	0	0
G1	364662.6	3771197	1	364669.8	3771185	1	0	2	4	245559.3	0	0	0	0	0	0	0
G1	365558.4	3769948	1	365632.9	3769837	1	0	2	4	245724.9	0	0	0	0	0	0	0
G1	365632.9	3769837	1	365667.2	3769781	1	0	2	4	244365.3	0	0	0	0	0	0	0
G1	364499.0	3771499	1	364500.8	3771496	1	0	2	4	247730.0	0	0	0	0	0	0	0
G1	364500.8	3771496	1	364502.4	3771493	1	0	2	4	247725.0	0	0	0	0	0	0	0
G1	365526.0	3770002	1	365555.4	3769953	1	0	2	4	246027.8	0	0	0	0	0	0	0
G1	365555.4	3769953	1	365558.4	3769948	1	0	2	4	246010.1	0	0	0	0	0	0	0
G1	365957.2	3769308	1	365968.0	3769291	1	0	2	4	239843.2	0	0	0	0	0	0	0
G1	365379.1	3770172	1	365471.2	3770040	1	0	2	4	246188.6	0	0	0	0	0	0	0
G1	365471.2	3770040	1	365496.3	3770006	1	0	2	4	246051.7	0	0	0	0	0	0	0
G1	364695.2	3771143	1	364742.3	3771067	1	0	2	4	246126.4	0	0	0	0	0	0	0
G1	364662.6	3771197	1	364581.5	3771322	1	0	2	4	244295.6	0	0	0	0	0	0	0
G1	364581.5	3771322	1	364488.4	3771473	1	0	2	4	247764.4	0	0	0	0	0	0	0
G1	365667.2	3769781	1	365681.0	3769759	1	0	2	4	244347.0	0	0	0	0	0	0	0
G1	365643.9	3769791	1	365670.9	3769751	1	0	2	4	244273.6	0	0	0	0	0	0	0
G1	365985.3	3769304	1	365991.1	3769296	1	0	2	4	240141.4	0	0	0	0	0	0	0
G1	364488.4	3771473	1	364484.3	3771480	1	0	2	4	247569.2	0	0	0	0	0	0	0
G1	365130.9	3770559	1	365228.8	3770422	1	0	2	4	255175.1	0	0	0	0	0	0	0
G1	365228.8	3770422	1	365264.7	3770370	1	0	2	4	255721.9	0	0	0	0	0	0	0
G1	364484.0	3771524	1	364496.1	3771504	1	0	2	4	247754.6	0	0	0	0	0	0	0
G1	364496.1	3771504	1	364499.0	3771499	1	0	2	4	247736.6	0	0	0	0	0	0	0
G1	364686.8	3771195	1	364709.1	3771161	1	0	2	4	245959.7	0	0	0	0	0	0	0
G1	364669.8	3771185	1	364695.2	3771143	1	0	2	4	245666.3	0	0	0	0	0	0	0
G1	364772.7	3771063	1	364798.4	3771025	1	0	2	4	248128.4	0	0	0	0	0	0	0
G1	364798.4	3771025	1	364857.7	3770941	1	0	2	4	249072.4	0	0	0	0	0	0	0
G1	364857.7	3770941	1	364984.5	3770764	1	0	2	4	250899.8	0	0	0	0	0	0	0
G1	365264.7	3770370	1	365330.8	3770284	1	0	2	4	255973.0	0	0	0	0	0	0	0
G1	365330.8	3770284	1	365394.5	3770191	1	0	2	4	256300.1	0	0	0	0	0	0	0
G1	365753.5	3769648	1	365910.8	3769403	1	0	2	4	240222.1	0	0	0	0	0	0	0
G1	365244.6	3770363	1	365312.1	3770268	1	0	2	4	255496.8	0	0	0	0	0	0	0
G1	365312.1	3770268	1	365379.1	3770172	1	0	2	4	255679.4	0	0	0	0	0	0	0
G1	364464.8	3771513	1	364404.7	3771607	1	0	2	4	247344.1	0	0	0	0	0	0	0
G1	365212.5	3770409	1	365244.6	3770363	1	0	2	4	255131.4	0	0	0	0	0	0	0
G1	364679.4	3771207	1	364686.8	3771195	1	0	2	4	245924.3	0	0	0	0	0	0	0
G1	364984.5	3770764	1	365130.9	3770559	1	0	2	4	254068.5	0	0	0	0	0	0	0
G1	365934.2	3769337	1	365957.2	3769308	1	0	2	4	239751.5	0	0	0	0	0	0	0
G1	364783.8	3771007	1	364850.7	3770915	1	0	2	4	248762.6	0	0	0	0	0	0	0
G1	364850.7	3770915	1	364929.5	3770802	1	0	2	4	249601.7	0	0	0	0	0	0	0
G1	364404.7	3771607	1	364348.0	3771699	1	0	2	4	243705.0	0	0	0	0	0	0	0
G1	364348.0	3771699	1	364327.0	3771730	1	0	2	4	242422.8	0	0	0	0	0	0	0
G1	365955.7	3769344	1	365976.4	3769318	1	0	2	4	239897.4	0	0	0	0	0	0	0
G1	364742.3	3771067	1	364754.8	3771049	1	0	2	4	247323.3	0	0	0	0	0	0	0
G1	365496.3	3770006	1	365510.2	3769987	1	0	2	4	245982.8	0	0	0	0	0	0	0
G1	365510.2	3769987	1	365541.0	3769939	1	0	2	4	245898.2	0	0	0	0	0	0	0
G1	364484.3	3771480	1	364479.8	3771488	1	0	2	4	247582.9	0	0	0	0	0	0	0
G1	364479.8	3771488	1	364464.8	3771513	1	0	2	4	247385.0	0	0	0	0	0	0	0
G1	364502.4	3771493	1	364504.4	3771490	1	0	2	4	247722.8	0	0	0	0	0	0	0
G1	364504.4	3771490	1	364507.1	3771485	1	0	2	4	247944.3	0	0	0	0	0	0	0
G1	365112.5	3770549	1	365212.5	3770409	1	0	2	4	254354.0	0	0	0	0	0	0	0
G1	365737.5	3769649	1	365899.3	3769390	1	0	2	4	234494.5	0	0	0	0	0	0	0
G1	365681.0	3769759	1	365753.5	3769648	1	0	2	4	243861.7	0	0	0	0	0	0	0
G1	365670.9	3769751	1	365737.5	3769649	1	0	2	4	243711.0	0	0	0	0	0	0	0
G1	364929.5	3770802	1	365063.7	3770619	1	0	2	4	251796.3	0	0	0	0	0	0	0
G1	365063.7	3770619	1	365112.5	3770549	1	0	2	4	253866.0	0	0	0	0	0	0	0
G1	364709.1	3771161	1	364761.5	3771080	1	0	2	4	246381.4	0	0	0	0	0	0	0
G1	364761.5	3771080	1	364772.7	3771063	1	0	2	4	246837.9	0	0	0	0	0	0	0
G1	364754.8	3771049	1	364783.8	3771007	1	0	2	4	247419.0	0	0	0	0	0	0	0
G1	365910.8	3769403	1	365955.7	3769344	1	0	2	4	239560.0	0	0	0	0	0	0	0
G1	365976.4	3769318	1	365985.3	3769304	1	0	2	4	239989.9	0	0	0	0	0	0	0
G1	365968.0	3769291	1	365972.2	3769285	1	0	2	4	239838.8	0	0	0	0	0	0	0
G1	367365.4	3766859	1	367393.0	3766826	1	0	2	4	230919.7	0	0	0	0	0	0	0
G1	367393.0	3766826	1	367451.8	3766769	1	0	2	4	231372.4	0	0	0	0	0	0	0
G1	367302.5	3766954	1	367304.2	3766951	1	0	2	4	232543.8	0	0	0	0	0	0	0
G1	366523.9	3768213	1	366551.6	3768172	1	0	2	4	247698.4	0	0	0	0	0	0	0
G1	366551.6	3768172	1	366585.3	3768122	1	0	2	4	247363.6	0	0	0	0	0	0	0
G1	366585.3	3768122	1	366621.7	3768070	1	0	2	4	245944.6	0	0	0	0	0	0	0
G1	366133.6	3769044	1	366140.7	3769032	1	0	2	4	241220.4	0	0	0	0	0	0	0
G1	366140.7	3769032	1	366171.9	3768964	1	0	2	4	241673.8	0	0	0	0	0	0	0
G1	366171.9	3768964	1	366192.8	3768908	1	0	2	4	242116.5	0	0	0	0	0	0	0
G1	366192.8	3768908	1	366206.8	3768859	1	0	2	4	242267.3	0	0	0	0	0	0	0
G1	367102.0	3767422	1	367119.6	3767391	1	0	2	4	237567.3	0	0	0	0	0	0	0
G1	367119.6	3767391	1	367154.4	3767320	1	0	2	4	237031.4	0	0	0	0	0	0	0
G1	367154.4	3767320	1	367160.0	3767304	1	0	2	4	236418.2	0	0	0	0	0	0	0
G1	366269.8	3768628	1	366281.4	3768597	1	0	2	4	250195.6	0	0	0	0	0	0	0
G1	366281.4	3768597	1	366297.3	3768560	1	0	2	4	250554.0	0	0	0	0	0	0	0
G1	366005.6	3769234	1	366043.9	3769177	1	0	2	4	240545.4	0	0	0	0	0	0	0
G1	366043.9	3769177	1	366119.5	3769068	1	0	2	4	240371.3	0	0	0	0	0	0	0
G1	366119.5	3769068	1	366133.6	3769044	1	0	2	4	240857.8	0	0	0	0	0	0	0
G1	366621.7	3768070	1	366689.1	3767976	1	0	2	4	245503.3	0	0	0	0	0	0	0
G1	366323.1	3768564	1	366336.9	3768535	1	0	2	4	250423.6	0	0	0	0	0	0	0
G1	366336.9	3768535	1	366370.1	3768473	1	0	2	4	250385.6	0	0	0	0	0	0	0
G1	366370.1	3768473	1	366379.6	3768457	1	0	2	4	250357.6	0	0	0	0	0	0	0
G1	366379.6	3768457	1	366399.0	3768428	1	0	2	4	249242.0	0	0	0	0	0	0	0
G1	366399.0	3768428	1	366479.8	3768315	1	0	2	4	249177.1	0	0	0	0	0	0	0
G1	366540.2	3768228	1	366675.1	3768031	1	0	2	4	247118.1	0	0	0	0	0	0	0
G1	366675.1	3768031	1	366749.4	3767928	1	0	2	4	245850.6	0	0	0	0	0	0	0
G1	367082.0	3767409	1	367091.8	3767392	1	0	2	4	237813.4	0	0	0	0	0	0	0
G1	367091.8	3767392	1	367101.4	3767374	1	0	2	4	237641.1	0	0	0	0	0	0	0
G1	367101.4	3767374	1	367109.7	3767360	1	0	2	4	237287.2	0	0	0	0	0	0	0
G1	367109.7	3767360	1	367131.1	3767312	1	0	2	4	237081.6	0	0	0	0	0	0	0
G1	367160.0	3767304	1	367186.8	3767239	1	0	2	4	236511.9	0	0	0	0	0	0	0
G1	367186.8	3767239	1	367208.5	3767179	1	0	2	4	236190.8	0	0	0	0	0	0	0
G1	367099.3	3767427	1	367102.0	3767422	1	0	2	4	237803.4	0	0	0	0	0	0	0
G1	366689.1	3767976	1	366743.9	3767900	1	0	2	4	245708.9	0	0	0	0	0	0	0
G1	366481.3	3768312	1	366497.6	3768290	1	0	2	4	248052.0	0	0	0	0	0	0	0
G1	366497.6	3768290	1	366540.2	3768228	1	0	2	4	247920.4	0	0	0	0	0	0	0
G1	366029.0	3769240	1	366137.0	3769086	1	0	2	4	240344.6	0	0	0	0	0	0	0
G1	366137.0	3769086	1	366153.0	3769061	1	0	2	4	241081.4	0	0	0	0	0	0	0
G1	366153.0	3769061	1	366160.9	3769047	1	0	2	4	241363.0	0	0	0	0	0	0	0
G1	366160.9	3769047	1	366193.3	3768976	1	0	2	4	241641.6	0	0	0	0	0	0	0
G1	366193.3	3768976	1	366215.0	3768919	1	0	2	4	242253.9	0	0	0	0	0	0	0
G1	366215.0	3768919	1	366229.5	3768868	1	0	2	4	241921.4	0	0	0	0	0	0	0
G1	367079.3	3767414	1	367082.0	3767409	1	0	2	4	237910.1	0	0	0	0	0	0	0
G1	366479.8	3768315	1	366481.3	3768312	1	0	2	4	249159.8	0	0	0	0	0	0	0
G1	367187.4	3767164	1	367244.6	3767021	1	0	2	4	234457.0	0	0	0	0	0	0	0
G1	367304.2	3766951	1	367316.1	3766930	1	0	2	4	232418.5	0	0	0	0	0	0	0
G1	366743.9	3767900	1	366811.8	3767804	1	0	2	4	244557.1	0	0	0	0	0	0	0
G1	366811.8	3767804	1	366960.2	3767585	1	0	2	4	241193.0	0	0	0	0	0	0	0
G1	366960.2	3767585	1	367044.3	3767470	1	0	2	4	239087.9	0	0	0	0	0	0	0
G1	367043.3	3767506	1	367074.3	3767459	1	0	2	4	238369.9	0	0	0	0	0	0	0
G1	367074.3	3767459	1	367093.7	3767434	1	0	2	4	237986.2	0	0	0	0	0	0	0
G1	367093.7	3767434	1	367099.3	3767427	1	0	2	4	237808.4	0	0	0	0	0	0	0
G1	367316.1	3766930	1	367365.4	3766859	1	0	2	4	231717.8	0	0	0	0	0	0	0
G1	366297.3	3768560	1	366302.9	3768549	1	0	2	4	250427.1	0	0	0	0	0	0	0
G1	366206.8	3768859	1	366239.7	3768729	1	0	2	4	242721.6	0	0	0	0	0	0	0
G1	366239.7	3768729	1	366250.2	3768688	1	0	2	4	251286.8	0	0	0	0	0	0	0
G1	366250.2	3768688	1	366269.8	3768628	1	0	2	4	250770.2	0	0	0	0	0	0	0
G1	366749.4	3767928	1	366759.1	3767913	1	0	2	4	245348.5	0	0	0	0	0	0	0
G1	367281.8	3766946	1	367283.4	3766944	1	0	2	4	232648.3	0	0	0	0	0	0	0
G1	366229.5	3768868	1	366233.2	3768853	1	0	2	4	242173.8	0	0	0	0	0	0	0
G1	367263.2	3767033	1	367264.3	3767030	1	0	2	4	233558.5	0	0	0	0	0	0	0
G1	367264.3	3767030	1	367272.7	3767010	1	0	2	4	233448.0	0	0	0	0	0	0	0
G1	367272.7	3767010	1	367286.4	3766982	1	0	2	4	233082.8	0	0	0	0	0	0	0
G1	367286.4	3766982	1	367302.5	3766954	1	0	2	4	232662.6	0	0	0	0	0	0	0
G1	366459.2	3768306	1	366476.8	3768282	1	0	2	4	249151.9	0	0	0	0	0	0	0
G1	366476.8	3768282	1	366523.9	3768213	1	0	2	4	247959.2	0	0	0	0	0	0	0
G1	366759.1	3767913	1	367043.3	3767506	1	0	2	4	241158.3	0	0	0	0	0	0	0
G1	367208.5	3767179	1	367263.2	3767033	1	0	2	4	234404.9	0	0	0	0	0	0	0
G1	367244.6	3767021	1	367246.9	3767016	1	0	2	4	233530.8	0	0	0	0	0	0	0
G1	367246.9	3767016	1	367254.2	3767000	1	0	2	4	233422.7	0	0	0	0	0	0	0
G1	367254.2	3767000	1	367268.4	3766971	1	0	2	4	233072.0	0	0	0	0	0	0	0
G1	367268.4	3766971	1	367281.8	3766946	1	0	2	4	232790.1	0	0	0	0	0	0	0
G1	366457.5	3768309	1	366459.2	3768306	1	0	2	4	249216.4	0	0	0	0	0	0	0
G1	367283.4	3766944	1	367288.9	3766934	1	0	2	4	232581.7	0	0	0	0	0	0	0
G1	367288.9	3766934	1	367295.0	3766925	1	0	2	4	232525.5	0	0	0	0	0	0	0
G1	367131.1	3767312	1	367147.5	3767275	1	0	2	4	236493.5	0	0	0	0	0	0	0
G1	367147.5	3767275	1	367166.4	3767226	1	0	2	4	236589.1	0	0	0	0	0	0	0
G1	367166.4	3767226	1	367187.4	3767164	1	0	2	4	236052.9	0	0	0	0	0	0	0
G1	367295.0	3766925	1	367305.9	3766909	1	0	2	4	232383.6	0	0	0	0	0	0	0
G1	367305.9	3766909	1	367321.4	3766886	1	0	2	4	232046.7	0	0	0	0	0	0	0
G1	367321.4	3766886	1	367352.3	3766842	1	0	2	4	231612.1	0	0	0	0	0	0	0
G1	367352.3	3766842	1	367361.0	3766832	1	0	2	4	231209.3	0	0	0	0	0	0	0
G1	367361.0	3766832	1	367391.3	3766797	1	0	2	4	231894.4	0	0	0	0	0	0	0
G1	367391.3	3766797	1	367461.8	3766734	1	0	2	4	231093.0	0	0	0	0	0	0	0
G1	366302.9	3768549	1	366329.7	3768506	1	0	2	4	250447.8	0	0	0	0	0	0	0
G1	366329.7	3768506	1	366347.0	3768475	1	0	2	4	250400.2	0	0	0	0	0	0	0
G1	366347.0	3768475	1	366391.9	3768402	1	0	2	4	249282.0	0	0	0	0	0	0	0
G1	366391.9	3768402	1	366457.5	3768309	1	0	2	4	249299.8	0	0	0	0	0	0	0
G1	366317.7	3768576	1	366323.1	3768564	1	0	2	4	250430.1	0	0	0	0	0	0	0
G1	367044.3	3767470	1	367067.3	3767433	1	0	2	4	238387.9	0	0	0	0	0	0	0
G1	367067.3	3767433	1	367074.9	3767421	1	0	2	4	238007.3	0	0	0	0	0	0	0
G1	367074.9	3767421	1	367079.3	3767414	1	0	2	4	237965.2	0	0	0	0	0	0	0
G1	366233.2	3768853	1	366262.3	3768738	1	0	2	4	250105.4	0	0	0	0	0	0	0
G1	366262.3	3768738	1	366281.6	3768670	1	0	2	4	251129.0	0	0	0	0	0	0	0
G1	366281.6	3768670	1	366301.1	3768614	1	0	2	4	250250.3	0	0	0	0	0	0	0
G1	366301.1	3768614	1	366304.5	3768606	1	0	2	4	250237.1	0	0	0	0	0	0	0
G1	366304.5	3768606	1	366317.7	3768576	1	0	2	4	250169.3	0	0	0	0	0	0	0
G1	364327.0	3771730	1	364310.3	3771754	1	0	2	4	242438.3	0	0	0	0	0	0	0
G1	364310.3	3771754	1	364275.2	3771800	1	0	2	4	242385.7	0	0	0	0	0	0	0
G1	364275.2	3771800	1	364225.5	3771863	1	0	2	4	241913.7	0	0	0	0	0	0	0
G1	364225.5	3771863	1	364218.1	3771871	1	0	2	4	241711.5	0	0	0	0	0	0	0
G1	364218.1	3771871	1	364205.2	3771889	1	0	2	4	241551.5	0	0	0	0	0	0	0
G1	364205.2	3771889	1	364155.9	3771950	1	0	2	4	241386.5	0	0	0	0	0	0	0
G1	364155.9	3771950	1	364120.3	3771997	1	0	2	4	240795.5	0	0	0	0	0	0	0
G1	364120.3	3771997	1	364113.9	3772006	1	0	2	4	240457.1	0	0	0	0	0	0	0
G1	364135.4	3772019	1	364163.7	3771981	1	0	2	4	240973.4	0	0	0	0	0	0	0
G1	364163.7	3771981	1	364234.7	3771891	1	0	2	4	241689.0	0	0	0	0	0	0	0
G1	364234.7	3771891	1	364249.1	3771874	1	0	2	4	242139.8	0	0	0	0	0	0	0
G1	364249.1	3771874	1	364309.0	3771792	1	0	2	4	242321.2	0	0	0	0	0	0	0
G1	364309.0	3771792	1	364333.8	3771756	1	0	2	4	242736.4	0	0	0	0	0	0	0
G1	364333.8	3771756	1	364356.1	3771722	1	0	2	4	242778.5	0	0	0	0	0	0	0
G1	364113.9	3772006	1	364075.8	3772064	1	0	2	4	240032.4	0	0	0	0	0	0	0
G1	364075.8	3772064	1	364044.6	3772121	1	0	2	4	238732.6	0	0	0	0	0	0	0
G1	364044.6	3772121	1	364017.0	3772177	1	0	2	4	238485.3	0	0	0	0	0	0	0
G1	364017.0	3772177	1	364007.8	3772199	1	0	2	4	238094.0	0	0	0	0	0	0	0
G1	364038.9	3772186	1	364068.0	3772125	1	0	2	4	238726.7	0	0	0	0	0	0	0
G1	364068.0	3772125	1	364103.0	3772066	1	0	2	4	239178.8	0	0	0	0	0	0	0
G1	364103.0	3772066	1	364135.4	3772019	1	0	2	4	240523.8	0	0	0	0	0	0	0
G1	372020.0	3766758	1	372052.8	3766781	1	0	2	4	216904.4	0	0	0	0	0	0	0
G1	372166.3	3766833	1	372115.0	3766796	1	0	2	4	218711.4	0	0	0	0	0	0	0
G1	372115.0	3766796	1	372095.3	3766784	1	0	2	4	218269.4	0	0	0	0	0	0	0
G1	372095.3	3766784	1	372078.4	3766772	1	0	2	4	217893.0	0	0	0	0	0	0	0
G1	369059.2	3764380	1	369123.4	3764279	1	0	2	4	230473.0	0	0	0	0	0	0	0
G1	369123.4	3764279	1	369196.5	3764164	1	0	2	4	232522.3	0	0	0	0	0	0	0
G1	369196.5	3764164	1	369263.9	3764055	1	0	2	4	232641.2	0	0	0	0	0	0	0
G1	365897.4	3766185	1	365937.4	3766184	1	0	2	4	193233.6	0	0	0	0	0	0	0
G1	365937.4	3766184	1	365951.9	3766185	1	0	2	4	193633.6	0	0	0	0	0	0	0
G1	365951.9	3766185	1	365979.9	3766188	1	0	2	4	194011.3	0	0	0	0	0	0	0
G1	365771.9	3766176	1	365716.5	3766181	1	0	2	4	190248.6	0	0	0	0	0	0	0
G1	365716.5	3766181	1	365663.2	3766181	1	0	2	4	188446.0	0	0	0	0	0	0	0
G1	364337.8	3765854	1	364353.6	3765859	1	0	2	4	160963.1	0	0	0	0	0	0	0
G1	364060.1	3765768	1	364106.6	3765782	1	0	2	4	154425.9	0	0	0	0	0	0	0
G1	364106.6	3765782	1	364154.7	3765798	1	0	2	4	154879.1	0	0	0	0	0	0	0
G1	364154.7	3765798	1	364179.6	3765806	1	0	2	4	155927.2	0	0	0	0	0	0	0
G1	365064.7	3766050	1	364955.8	3766019	1	0	2	4	177683.2	0	0	0	0	0	0	0
G1	364073.1	3765753	1	364005.8	3765730	1	0	2	4	152876.5	0	0	0	0	0	0	0
G1	364005.8	3765730	1	363941.3	3765711	1	0	2	4	151039.5	0	0	0	0	0	0	0
G1	364444.2	3765888	1	364525.5	3765914	1	0	2	4	164994.4	0	0	0	0	0	0	0
G1	365894.7	3766166	1	365878.8	3766167	1	0	2	4	192461.3	0	0	0	0	0	0	0
G1	365878.8	3766167	1	365789.7	3766175	1	0	2	4	191657.7	0	0	0	0	0	0	0
G1	365911.5	3766164	1	365894.7	3766166	1	0	2	4	192631.2	0	0	0	0	0	0	0
G1	364192.8	3765788	1	364073.1	3765753	1	0	2	4	154689.3	0	0	0	0	0	0	0
G1	364659.1	3765932	1	364555.6	3765897	1	0	2	4	166932.6	0	0	0	0	0	0	0
G1	365880.0	3766187	1	365897.4	3766185	1	0	2	4	192786.8	0	0	0	0	0	0	0
G1	365050.8	3766070	1	365091.7	3766081	1	0	2	4	179597.3	0	0	0	0	0	0	0
G1	365091.7	3766081	1	365116.0	3766086	1	0	2	4	180372.9	0	0	0	0	0	0	0
G1	365116.0	3766086	1	365183.7	3766103	1	0	2	4	182727.2	0	0	0	0	0	0	0
G1	365183.7	3766103	1	365219.5	3766110	1	0	2	4	184061.4	0	0	0	0	0	0	0
G1	364641.6	3765945	1	364817.2	3766000	1	0	2	4	170772.1	0	0	0	0	0	0	0
G1	365322.4	3766113	1	365310.1	3766112	1	0	2	4	186741.7	0	0	0	0	0	0	0
G1	365310.1	3766112	1	365282.4	3766105	1	0	2	4	186191.5	0	0	0	0	0	0	0
G1	365282.4	3766105	1	365267.0	3766101	1	0	2	4	185606.7	0	0	0	0	0	0	0
G1	365267.0	3766101	1	365250.9	3766097	1	0	2	4	185228.6	0	0	0	0	0	0	0
G1	365250.9	3766097	1	365089.4	3766057	1	0	2	4	181815.6	0	0	0	0	0	0	0
G1	365089.4	3766057	1	365064.7	3766050	1	0	2	4	179440.2	0	0	0	0	0	0	0
G1	364955.8	3766019	1	364857.0	3765993	1	0	2	4	175040.8	0	0	0	0	0	0	0
G1	364817.2	3766000	1	364938.4	3766038	1	0	2	4	174618.8	0	0	0	0	0	0	0
G1	363925.6	3765728	1	363959.6	3765737	1	0	2	4	150547.0	0	0	0	0	0	0	0
G1	363959.6	3765737	1	364060.1	3765768	1	0	2	4	152353.0	0	0	0	0	0	0	0
G1	365219.5	3766110	1	365235.4	3766112	1	0	2	4	184654.3	0	0	0	0	0	0	0
G1	365235.4	3766112	1	365250.0	3766115	1	0	2	4	185082.5	0	0	0	0	0	0	0
G1	365250.0	3766115	1	365273.2	3766121	1	0	2	4	185504.8	0	0	0	0	0	0	0
G1	365273.2	3766121	1	365299.5	3766126	1	0	2	4	186163.2	0	0	0	0	0	0	0
G1	365299.5	3766126	1	365317.3	3766131	1	0	2	4	186775.1	0	0	0	0	0	0	0
G1	364555.6	3765897	1	364502.3	3765881	1	0	2	4	165335.2	0	0	0	0	0	0	0
G1	364525.5	3765914	1	364541.7	3765918	1	0	2	4	165662.9	0	0	0	0	0	0	0
G1	365800.3	3766195	1	365775.8	3766197	1	0	2	4	191339.1	0	0	0	0	0	0	0
G1	364370.5	3765841	1	364353.9	3765836	1	0	2	4	161109.8	0	0	0	0	0	0	0
G1	365817.5	3766193	1	365880.0	3766187	1	0	2	4	192275.9	0	0	0	0	0	0	0
G1	365800.3	3766195	1	365817.5	3766193	1	0	2	4	191674.3	0	0	0	0	0	0	0
G1	365663.2	3766181	1	365623.3	3766179	1	0	2	4	187626.5	0	0	0	0	0	0	0
G1	365623.3	3766179	1	365603.5	3766177	1	0	2	4	187132.1	0	0	0	0	0	0	0
G1	365603.5	3766177	1	365558.4	3766169	1	0	2	4	186473.3	0	0	0	0	0	0	0
G1	365558.4	3766169	1	365468.1	3766151	1	0	2	4	185118.5	0	0	0	0	0	0	0
G1	365468.1	3766151	1	365417.9	3766139	1	0	2	4	183721.3	0	0	0	0	0	0	0
G1	365417.9	3766139	1	365346.9	3766123	1	0	2	4	181866.4	0	0	0	0	0	0	0
G1	365346.9	3766123	1	365322.4	3766113	1	0	2	4	187253.4	0	0	0	0	0	0	0
G1	365911.5	3766164	1	365928.2	3766164	1	0	2	4	192896.8	0	0	0	0	0	0	0
G1	365928.2	3766164	1	365953.0	3766165	1	0	2	4	193273.1	0	0	0	0	0	0	0
G1	365953.0	3766165	1	366005.2	3766170	1	0	2	4	193898.5	0	0	0	0	0	0	0
G1	366005.2	3766170	1	366008.3	3766170	1	0	2	4	194384.1	0	0	0	0	0	0	0
G1	365641.9	3766201	1	365676.6	3766202	1	0	2	4	188208.5	0	0	0	0	0	0	0
G1	365676.6	3766202	1	365698.2	3766202	1	0	2	4	188718.6	0	0	0	0	0	0	0
G1	365698.2	3766202	1	365775.8	3766197	1	0	2	4	190438.2	0	0	0	0	0	0	0
G1	364541.7	3765918	1	364641.6	3765945	1	0	2	4	166764.0	0	0	0	0	0	0	0
G1	364353.9	3765836	1	364192.8	3765788	1	0	2	4	158633.6	0	0	0	0	0	0	0
G1	364938.4	3766038	1	365050.8	3766070	1	0	2	4	177562.8	0	0	0	0	0	0	0
G1	365317.3	3766131	1	365389.8	3766150	1	0	2	4	188030.5	0	0	0	0	0	0	0
G1	365389.8	3766150	1	365455.0	3766166	1	0	2	4	183510.2	0	0	0	0	0	0	0
G1	365455.0	3766166	1	365477.3	3766173	1	0	2	4	184446.5	0	0	0	0	0	0	0
G1	365477.3	3766173	1	365500.9	3766178	1	0	2	4	184964.3	0	0	0	0	0	0	0
G1	365500.9	3766178	1	365537.8	3766188	1	0	2	4	185595.2	0	0	0	0	0	0	0
G1	365537.8	3766188	1	365580.6	3766196	1	0	2	4	186575.1	0	0	0	0	0	0	0
G1	365580.6	3766196	1	365610.2	3766199	1	0	2	4	187281.3	0	0	0	0	0	0	0
G1	365610.2	3766199	1	365641.9	3766201	1	0	2	4	187766.4	0	0	0	0	0	0	0
G1	364353.6	3765859	1	364444.2	3765888	1	0	2	4	162429.3	0	0	0	0	0	0	0
G1	364857.0	3765993	1	364761.7	3765965	1	0	2	4	172592.6	0	0	0	0	0	0	0
G1	364761.7	3765965	1	364659.1	3765932	1	0	2	4	169850.9	0	0	0	0	0	0	0
G1	364179.6	3765806	1	364337.8	3765854	1	0	2	4	158502.3	0	0	0	0	0	0	0
G1	364502.3	3765881	1	364370.5	3765841	1	0	2	4	163200.2	0	0	0	0	0	0	0
G1	365789.7	3766175	1	365771.9	3766176	1	0	2	4	190907.8	0	0	0	0	0	0	0
G1	367869.0	3766571	1	367826.8	3766566	1	0	2	4	231155.5	0	0	0	0	0	0	0
G1	367826.8	3766566	1	367803.1	3766563	1	0	2	4	231650.9	0	0	0	0	0	0	0
G1	367321.5	3766487	1	367299.4	3766484	1	0	2	4	229442.5	0	0	0	0	0	0	0
G1	367299.4	3766484	1	367055.8	3766447	1	0	2	4	229694.3	0	0	0	0	0	0	0
G1	367055.8	3766447	1	366993.5	3766439	1	0	2	4	229034.7	0	0	0	0	0	0	0
G1	366993.5	3766439	1	366910.0	3766424	1	0	2	4	228349.3	0	0	0	0	0	0	0
G1	366910.0	3766424	1	366840.0	3766407	1	0	2	4	228250.0	0	0	0	0	0	0	0
G1	367844.9	3766235	1	367857.2	3766217	1	0	2	4	228317.0	0	0	0	0	0	0	0
G1	367690.5	3766519	1	367727.6	3766466	1	0	2	4	233203.2	0	0	0	0	0	0	0
G1	367727.6	3766466	1	367754.3	3766420	1	0	2	4	232836.2	0	0	0	0	0	0	0
G1	367754.3	3766420	1	367824.0	3766311	1	0	2	4	232378.7	0	0	0	0	0	0	0
G1	366792.9	3766421	1	366810.7	3766425	1	0	2	4	228212.3	0	0	0	0	0	0	0
G1	367878.1	3766225	1	367933.9	3766136	1	0	2	4	227735.1	0	0	0	0	0	0	0
G1	367990.4	3766602	1	367983.5	3766602	1	0	2	4	228743.4	0	0	0	0	0	0	0
G1	366684.5	3766369	1	366630.2	3766354	1	0	2	4	213144.0	0	0	0	0	0	0	0
G1	366525.6	3766347	1	366540.7	3766351	1	0	2	4	211558.4	0	0	0	0	0	0	0
G1	366540.7	3766351	1	366567.3	3766358	1	0	2	4	211904.2	0	0	0	0	0	0	0
G1	367008.8	3766462	1	367197.0	3766487	1	0	2	4	229772.0	0	0	0	0	0	0	0
G1	367197.0	3766487	1	367296.7	3766502	1	0	2	4	229829.5	0	0	0	0	0	0	0
G1	367296.7	3766502	1	367382.2	3766513	1	0	2	4	229374.8	0	0	0	0	0	0	0
G1	367827.5	3766263	1	367844.9	3766235	1	0	2	4	228510.0	0	0	0	0	0	0	0
G1	367675.8	3766543	1	367649.7	3766539	1	0	2	4	233665.2	0	0	0	0	0	0	0
G1	367857.2	3766217	1	367929.0	3766106	1	0	2	4	227853.2	0	0	0	0	0	0	0
G1	367675.8	3766543	1	367690.5	3766519	1	0	2	4	233565.5	0	0	0	0	0	0	0
G1	366194.0	3766245	1	366246.6	3766260	1	0	2	4	200231.1	0	0	0	0	0	0	0
G1	365979.9	3766188	1	365996.8	3766191	1	0	2	4	194456.2	0	0	0	0	0	0	0
G1	365996.8	3766191	1	366037.5	3766200	1	0	2	4	195087.5	0	0	0	0	0	0	0
G1	366037.5	3766200	1	366065.6	3766205	1	0	2	4	195738.3	0	0	0	0	0	0	0
G1	367639.5	3766555	1	367644.7	3766546	1	0	2	4	233899.5	0	0	0	0	0	0	0
G1	367696.6	3766566	1	367797.6	3766582	1	0	2	4	232518.7	0	0	0	0	0	0	0
G1	367960.1	3766580	1	367869.0	3766571	1	0	2	4	230098.3	0	0	0	0	0	0	0
G1	366184.2	3766242	1	366149.6	3766231	1	0	2	4	198211.8	0	0	0	0	0	0	0
G1	366149.6	3766231	1	366115.0	3766218	1	0	2	4	197376.1	0	0	0	0	0	0	0
G1	366115.0	3766218	1	366084.1	3766211	1	0	2	4	196707.3	0	0	0	0	0	0	0
G1	366084.1	3766211	1	366065.6	3766205	1	0	2	4	196197.8	0	0	0	0	0	0	0
G1	366483.9	3766310	1	366388.0	3766278	1	0	2	4	209480.4	0	0	0	0	0	0	0
G1	367664.1	3766560	1	367696.6	3766566	1	0	2	4	233402.0	0	0	0	0	0	0	0
G1	367356.0	3766492	1	367321.5	3766487	1	0	2	4	229304.1	0	0	0	0	0	0	0
G1	366803.3	3766400	1	366786.9	3766396	1	0	2	4	228053.9	0	0	0	0	0	0	0
G1	366859.3	3766436	1	366898.2	3766446	1	0	2	4	228519.2	0	0	0	0	0	0	0
G1	366898.2	3766446	1	367008.8	3766462	1	0	2	4	228507.1	0	0	0	0	0	0	0
G1	368101.7	3766584	1	367987.9	3766582	1	0	2	4	227835.5	0	0	0	0	0	0	0
G1	367987.9	3766582	1	367960.1	3766580	1	0	2	4	229097.8	0	0	0	0	0	0	0
G1	367451.8	3766769	1	367464.4	3766759	1	0	2	4	230785.3	0	0	0	0	0	0	0
G1	367464.4	3766759	1	367546.8	3766687	1	0	2	4	230169.3	0	0	0	0	0	0	0
G1	367639.5	3766555	1	367644.8	3766556	1	0	2	4	233904.7	0	0	0	0	0	0	0
G1	367648.0	3766538	1	367587.7	3766529	1	0	2	4	228619.4	0	0	0	0	0	0	0
G1	367587.7	3766529	1	367509.7	3766517	1	0	2	4	229197.3	0	0	0	0	0	0	0
G1	367967.8	3766047	1	368017.2	3765966	1	0	2	4	226825.4	0	0	0	0	0	0	0
G1	367509.7	3766517	1	367379.7	3766496	1	0	2	4	229860.8	0	0	0	0	0	0	0
G1	367681.3	3766544	1	367675.8	3766543	1	0	2	4	233528.0	0	0	0	0	0	0	0
G1	367644.7	3766546	1	367649.7	3766539	1	0	2	4	233835.3	0	0	0	0	0	0	0
G1	367669.0	3766554	1	367674.5	3766545	1	0	2	4	233575.7	0	0	0	0	0	0	0
G1	367461.8	3766734	1	367508.1	3766696	1	0	2	4	230362.3	0	0	0	0	0	0	0
G1	367933.9	3766136	1	367988.2	3766057	1	0	2	4	227294.2	0	0	0	0	0	0	0
G1	366670.7	3766388	1	366729.1	3766406	1	0	2	4	213974.5	0	0	0	0	0	0	0
G1	366729.1	3766406	1	366792.9	3766421	1	0	2	4	214879.4	0	0	0	0	0	0	0
G1	366786.9	3766396	1	366766.4	3766391	1	0	2	4	227990.6	0	0	0	0	0	0	0
G1	366766.4	3766391	1	366684.5	3766369	1	0	2	4	214087.3	0	0	0	0	0	0	0
G1	367988.2	3766057	1	368032.1	3765987	1	0	2	4	226720.5	0	0	0	0	0	0	0
G1	368032.1	3765987	1	368041.2	3765974	1	0	2	4	226614.2	0	0	0	0	0	0	0
G1	366198.9	3766222	1	366168.1	3766212	1	0	2	4	198633.4	0	0	0	0	0	0	0
G1	366358.6	3766290	1	366365.3	3766292	1	0	2	4	208443.6	0	0	0	0	0	0	0
G1	366365.3	3766292	1	366422.7	3766312	1	0	2	4	209069.8	0	0	0	0	0	0	0
G1	367649.7	3766539	1	367650.9	3766537	1	0	2	4	233796.7	0	0	0	0	0	0	0
G1	366208.5	3766225	1	366198.9	3766222	1	0	2	4	199031.1	0	0	0	0	0	0	0
G1	367650.9	3766537	1	367680.4	3766493	1	0	2	4	233681.9	0	0	0	0	0	0	0
G1	367680.4	3766493	1	367749.2	3766381	1	0	2	4	233096.1	0	0	0	0	0	0	0
G1	367749.2	3766381	1	367781.6	3766332	1	0	2	4	229125.3	0	0	0	0	0	0	0
G1	367781.6	3766332	1	367793.3	3766314	1	0	2	4	228963.4	0	0	0	0	0	0	0
G1	367793.3	3766314	1	367827.5	3766263	1	0	2	4	228753.3	0	0	0	0	0	0	0
G1	367612.4	3766551	1	367639.5	3766555	1	0	2	4	234188.8	0	0	0	0	0	0	0
G1	366840.0	3766407	1	366803.3	3766400	1	0	2	4	228132.4	0	0	0	0	0	0	0
G1	367824.0	3766311	1	367863.0	3766248	1	0	2	4	228418.1	0	0	0	0	0	0	0
G1	367863.0	3766248	1	367878.1	3766225	1	0	2	4	228211.2	0	0	0	0	0	0	0
G1	366825.8	3766429	1	366859.3	3766436	1	0	2	4	228273.9	0	0	0	0	0	0	0
G1	367508.1	3766696	1	367556.9	3766653	1	0	2	4	228591.7	0	0	0	0	0	0	0
G1	367556.9	3766653	1	367568.4	3766644	1	0	2	4	228797.3	0	0	0	0	0	0	0
G1	367568.4	3766644	1	367591.3	3766618	1	0	2	4	228630.9	0	0	0	0	0	0	0
G1	367591.3	3766618	1	367612.3	3766593	1	0	2	4	228748.6	0	0	0	0	0	0	0
G1	367612.3	3766593	1	367637.4	3766559	1	0	2	4	234156.0	0	0	0	0	0	0	0
G1	367674.5	3766545	1	367675.8	3766543	1	0	2	4	233532.7	0	0	0	0	0	0	0
G1	366388.0	3766278	1	366289.5	3766248	1	0	2	4	207618.5	0	0	0	0	0	0	0
G1	366289.5	3766248	1	366208.5	3766225	1	0	2	4	200411.7	0	0	0	0	0	0	0
G1	366630.2	3766354	1	366579.5	3766340	1	0	2	4	212379.1	0	0	0	0	0	0	0
G1	367498.1	3766535	1	367587.3	3766549	1	0	2	4	229242.5	0	0	0	0	0	0	0
G1	367587.3	3766549	1	367612.4	3766551	1	0	2	4	228840.2	0	0	0	0	0	0	0
G1	366194.0	3766245	1	366184.2	3766242	1	0	2	4	199620.2	0	0	0	0	0	0	0
G1	367379.7	3766496	1	367356.0	3766492	1	0	2	4	229474.2	0	0	0	0	0	0	0
G1	367797.6	3766582	1	367857.6	3766590	1	0	2	4	231423.0	0	0	0	0	0	0	0
G1	367664.1	3766560	1	367669.0	3766554	1	0	2	4	233640.5	0	0	0	0	0	0	0
G1	367546.8	3766687	1	367580.5	3766657	1	0	2	4	228277.0	0	0	0	0	0	0	0
G1	367580.5	3766657	1	367599.5	3766639	1	0	2	4	228500.1	0	0	0	0	0	0	0
G1	367599.5	3766639	1	367616.2	3766621	1	0	2	4	228770.8	0	0	0	0	0	0	0
G1	367616.2	3766621	1	367636.7	3766594	1	0	2	4	234060.2	0	0	0	0	0	0	0
G1	367636.7	3766594	1	367662.2	3766563	1	0	2	4	233777.2	0	0	0	0	0	0	0
G1	367662.2	3766563	1	367664.1	3766560	1	0	2	4	233608.0	0	0	0	0	0	0	0
G1	366479.9	3766330	1	366496.0	3766335	1	0	2	4	210747.6	0	0	0	0	0	0	0
G1	366496.0	3766335	1	366514.4	3766342	1	0	2	4	211085.2	0	0	0	0	0	0	0
G1	366514.4	3766342	1	366525.6	3766347	1	0	2	4	211366.9	0	0	0	0	0	0	0
G1	367649.7	3766539	1	367648.0	3766538	1	0	2	4	233812.7	0	0	0	0	0	0	0
G1	367382.2	3766513	1	367451.9	3766527	1	0	2	4	230008.8	0	0	0	0	0	0	0
G1	367451.9	3766527	1	367498.1	3766535	1	0	2	4	229608.3	0	0	0	0	0	0	0
G1	367637.4	3766559	1	367639.5	3766555	1	0	2	4	234060.2	0	0	0	0	0	0	0
G1	366579.5	3766340	1	366538.1	3766328	1	0	2	4	211625.2	0	0	0	0	0	0	0
G1	366538.1	3766328	1	366521.1	3766323	1	0	2	4	211133.6	0	0	0	0	0	0	0
G1	366521.1	3766323	1	366483.9	3766310	1	0	2	4	210734.0	0	0	0	0	0	0	0
G1	366422.7	3766312	1	366444.0	3766316	1	0	2	4	209778.5	0	0	0	0	0	0	0
G1	366444.0	3766316	1	366479.9	3766330	1	0	2	4	210269.5	0	0	0	0	0	0	0
G1	367644.8	3766556	1	367664.1	3766560	1	0	2	4	233774.5	0	0	0	0	0	0	0
G1	367857.6	3766590	1	367949.5	3766600	1	0	2	4	230083.0	0	0	0	0	0	0	0
G1	367949.5	3766600	1	367983.5	3766602	1	0	2	4	229036.9	0	0	0	0	0	0	0
G1	367803.1	3766563	1	367735.3	3766554	1	0	2	4	232281.4	0	0	0	0	0	0	0
G1	367735.3	3766554	1	367711.1	3766550	1	0	2	4	232857.5	0	0	0	0	0	0	0
G1	367711.1	3766550	1	367681.3	3766544	1	0	2	4	233333.4	0	0	0	0	0	0	0
G1	366810.7	3766425	1	366825.8	3766429	1	0	2	4	228212.0	0	0	0	0	0	0	0
G1	366567.3	3766358	1	366587.0	3766363	1	0	2	4	212231.7	0	0	0	0	0	0	0
G1	366587.0	3766363	1	366625.5	3766374	1	0	2	4	212697.9	0	0	0	0	0	0	0
G1	366625.5	3766374	1	366670.7	3766388	1	0	2	4	213367.1	0	0	0	0	0	0	0
G1	366008.3	3766170	1	366059.3	3766182	1	0	2	4	194986.9	0	0	0	0	0	0	0
G1	366059.3	3766182	1	366168.1	3766212	1	0	2	4	196651.3	0	0	0	0	0	0	0
G1	367929.0	3766106	1	367967.8	3766047	1	0	2	4	227498.0	0	0	0	0	0	0	0
G1	366246.6	3766260	1	366304.5	3766278	1	0	2	4	206634.4	0	0	0	0	0	0	0
G1	366304.5	3766278	1	366358.6	3766290	1	0	2	4	207802.3	0	0	0	0	0	0	0
G1	369453.0	3763717	1	369454.8	3763714	1	0	2	4	235571.1	0	0	0	0	0	0	0
G1	369454.8	3763714	1	369456.7	3763711	1	0	2	4	235586.5	0	0	0	0	0	0	0
G1	369304.8	3763947	1	369330.0	3763910	1	0	2	4	233605.3	0	0	0	0	0	0	0
G1	369704.8	3763324	1	369731.4	3763282	1	0	2	4	238454.2	0	0	0	0	0	0	0
G1	369688.8	3763392	1	369729.1	3763327	1	0	2	4	237697.4	0	0	0	0	0	0	0
G1	369463.8	3763740	1	369467.5	3763735	1	0	2	4	235213.9	0	0	0	0	0	0	0
G1	369456.7	3763711	1	369485.9	3763665	1	0	2	4	234422.7	0	0	0	0	0	0	0
G1	369263.9	3764055	1	369323.2	3763960	1	0	2	4	233833.9	0	0	0	0	0	0	0
G1	369369.9	3763848	1	369431.7	3763751	1	0	2	4	235144.3	0	0	0	0	0	0	0
G1	369467.5	3763735	1	369520.3	3763653	1	0	2	4	234163.6	0	0	0	0	0	0	0
G1	369520.3	3763653	1	369609.4	3763516	1	0	2	4	234547.8	0	0	0	0	0	0	0
G1	369609.4	3763516	1	369628.7	3763485	1	0	2	4	236398.9	0	0	0	0	0	0	0
G1	369689.6	3763348	1	369698.5	3763334	1	0	2	4	238035.9	0	0	0	0	0	0	0
G1	369698.5	3763334	1	369704.8	3763324	1	0	2	4	238146.4	0	0	0	0	0	0	0
G1	369755.3	3763245	1	369762.2	3763234	1	0	2	4	239063.4	0	0	0	0	0	0	0
G1	369889.5	3763076	1	369911.0	3763045	1	0	2	4	240709.9	0	0	0	0	0	0	0
G1	369617.3	3763459	1	369649.8	3763409	1	0	2	4	237304.2	0	0	0	0	0	0	0
G1	369731.4	3763282	1	369755.3	3763245	1	0	2	4	238765.7	0	0	0	0	0	0	0
G1	369392.1	3763850	1	369442.7	3763773	1	0	2	4	234779.8	0	0	0	0	0	0	0
G1	369442.7	3763773	1	369460.3	3763746	1	0	2	4	235071.9	0	0	0	0	0	0	0
G1	369330.0	3763910	1	369334.6	3763903	1	0	2	4	233904.3	0	0	0	0	0	0	0
G1	369334.6	3763903	1	369369.9	3763848	1	0	2	4	234232.7	0	0	0	0	0	0	0
G1	369460.3	3763746	1	369463.8	3763740	1	0	2	4	235185.9	0	0	0	0	0	0	0
G1	369788.8	3763234	1	369796.5	3763222	1	0	2	4	238986.5	0	0	0	0	0	0	0
G1	369628.7	3763485	1	369662.8	3763431	1	0	2	4	236923.8	0	0	0	0	0	0	0
G1	369674.9	3763412	1	369685.3	3763397	1	0	2	4	237371.7	0	0	0	0	0	0	0
G1	369762.2	3763234	1	369778.5	3763209	1	0	2	4	239117.8	0	0	0	0	0	0	0
G1	369778.5	3763209	1	369807.8	3763164	1	0	2	4	239485.0	0	0	0	0	0	0	0
G1	369346.1	3763924	1	369392.1	3763850	1	0	2	4	233956.5	0	0	0	0	0	0	0
G1	369264.5	3764014	1	369271.3	3764003	1	0	2	4	233972.2	0	0	0	0	0	0	0
G1	369271.3	3764003	1	369279.0	3763992	1	0	2	4	232804.9	0	0	0	0	0	0	0
G1	369279.0	3763992	1	369304.8	3763947	1	0	2	4	233161.4	0	0	0	0	0	0	0
G1	369876.1	3763060	1	369894.1	3763033	1	0	2	4	240932.7	0	0	0	0	0	0	0
G1	369649.8	3763409	1	369655.6	3763400	1	0	2	4	237476.2	0	0	0	0	0	0	0
G1	369655.6	3763400	1	369662.4	3763390	1	0	2	4	237561.4	0	0	0	0	0	0	0
G1	369323.2	3763960	1	369346.1	3763924	1	0	2	4	233296.6	0	0	0	0	0	0	0
G1	369685.3	3763397	1	369688.8	3763392	1	0	2	4	237456.0	0	0	0	0	0	0	0
G1	369858.2	3763125	1	369889.5	3763076	1	0	2	4	240328.9	0	0	0	0	0	0	0
G1	369091.1	3764280	1	369095.1	3764275	1	0	2	4	231084.3	0	0	0	0	0	0	0
G1	369095.1	3764275	1	369101.0	3764268	1	0	2	4	232625.7	0	0	0	0	0	0	0
G1	369101.0	3764268	1	369172.9	3764168	1	0	2	4	232740.3	0	0	0	0	0	0	0
G1	369172.9	3764168	1	369181.1	3764154	1	0	2	4	232023.5	0	0	0	0	0	0	0
G1	369181.1	3764154	1	369198.9	3764123	1	0	2	4	232369.6	0	0	0	0	0	0	0
G1	369198.9	3764123	1	369264.5	3764014	1	0	2	4	233234.4	0	0	0	0	0	0	0
G1	369662.4	3763390	1	369665.9	3763384	1	0	2	4	237632.9	0	0	0	0	0	0	0
G1	369665.9	3763384	1	369670.5	3763378	1	0	2	4	237697.4	0	0	0	0	0	0	0
G1	369670.5	3763378	1	369679.3	3763364	1	0	2	4	237789.0	0	0	0	0	0	0	0
G1	369679.3	3763364	1	369689.6	3763348	1	0	2	4	237926.8	0	0	0	0	0	0	0
G1	369835.2	3763122	1	369876.1	3763060	1	0	2	4	240474.4	0	0	0	0	0	0	0
G1	369662.8	3763431	1	369674.9	3763412	1	0	2	4	237215.6	0	0	0	0	0	0	0
G1	369449.7	3763722	1	369451.5	3763720	1	0	2	4	235543.2	0	0	0	0	0	0	0
G1	369451.5	3763720	1	369453.0	3763717	1	0	2	4	235557.1	0	0	0	0	0	0	0
G1	369729.1	3763327	1	369750.6	3763294	1	0	2	4	238099.3	0	0	0	0	0	0	0
G1	369750.6	3763294	1	369788.8	3763234	1	0	2	4	238560.2	0	0	0	0	0	0	0
G1	369431.7	3763751	1	369449.7	3763722	1	0	2	4	235445.6	0	0	0	0	0	0	0
G1	369832.4	3763165	1	369858.2	3763125	1	0	2	4	239771.9	0	0	0	0	0	0	0
G1	369796.5	3763222	1	369832.4	3763165	1	0	2	4	239302.9	0	0	0	0	0	0	0
G1	369485.9	3763665	1	369612.0	3763467	1	0	2	4	234909.0	0	0	0	0	0	0	0
G1	369612.0	3763467	1	369617.3	3763459	1	0	2	4	236922.2	0	0	0	0	0	0	0
G1	369807.8	3763164	1	369835.2	3763122	1	0	2	4	239889.1	0	0	0	0	0	0	0
G1	369911.0	3763045	1	370083.3	3762773	1	0	2	4	245518.6	0	0	0	0	0	0	0
G1	369894.1	3763033	1	370045.7	3762789	1	0	2	4	245516.9	0	0	0	0	0	0	0
G1	367990.4	3766602	1	368053.0	3766605	1	0	2	4	228238.6	0	0	0	0	0	0	0
G1	368053.0	3766605	1	368123.5	3766606	1	0	2	4	227074.3	0	0	0	0	0	0	0
G1	368017.2	3765966	1	368043.7	3765928	1	0	2	4	226744.1	0	0	0	0	0	0	0
G1	368043.7	3765928	1	368064.5	3765894	1	0	2	4	226641.3	0	0	0	0	0	0	0
G1	368064.5	3765894	1	368318.4	3765498	1	0	2	4	226605.9	0	0	0	0	0	0	0
G1	368503.5	3766602	1	368544.8	3766602	1	0	2	4	220280.0	0	0	0	0	0	0	0
G1	370248.3	3766345	1	370138.7	3766359	1	0	2	4	181290.1	0	0	0	0	0	0	0
G1	370138.7	3766359	1	369993.3	3766378	1	0	2	4	185513.7	0	0	0	0	0	0	0
G1	369993.3	3766378	1	369932.6	3766384	1	0	2	4	188007.5	0	0	0	0	0	0	0
G1	369932.6	3766384	1	369895.7	3766391	1	0	2	4	189440.2	0	0	0	0	0	0	0
G1	369895.7	3766391	1	369810.0	3766413	1	0	2	4	190969.2	0	0	0	0	0	0	0
G1	369810.0	3766413	1	369798.7	3766417	1	0	2	4	192115.8	0	0	0	0	0	0	0
G1	369798.7	3766417	1	369778.4	3766424	1	0	2	4	192562.4	0	0	0	0	0	0	0
G1	369778.4	3766424	1	369763.4	3766430	1	0	2	4	192845.4	0	0	0	0	0	0	0
G1	369763.4	3766430	1	369747.2	3766437	1	0	2	4	193283.9	0	0	0	0	0	0	0
G1	369027.0	3764429	1	369037.9	3764412	1	0	2	4	231029.0	0	0	0	0	0	0	0
G1	368041.2	3765974	1	368068.9	3765934	1	0	2	4	226508.4	0	0	0	0	0	0	0
G1	369673.9	3766493	1	369708.4	3766477	1	0	2	4	194347.4	0	0	0	0	0	0	0
G1	369708.4	3766477	1	369738.7	3766463	1	0	2	4	193752.0	0	0	0	0	0	0	0
G1	368720.3	3764871	1	368910.4	3764568	1	0	2	4	231176.6	0	0	0	0	0	0	0
G1	368910.4	3764568	1	369008.4	3764414	1	0	2	4	230850.7	0	0	0	0	0	0	0
G1	369192.7	3766578	1	369176.1	3766578	1	0	2	4	206966.0	0	0	0	0	0	0	0
G1	368168.8	3765776	1	368341.0	3765502	1	0	2	4	226443.2	0	0	0	0	0	0	0
G1	369492.3	3766544	1	369503.7	3766540	1	0	2	4	199147.1	0	0	0	0	0	0	0
G1	369008.4	3764414	1	369018.0	3764399	1	0	2	4	231251.1	0	0	0	0	0	0	0
G1	369415.7	3766561	1	369353.0	3766572	1	0	2	4	201893.8	0	0	0	0	0	0	0
G1	369353.0	3766572	1	369325.8	3766575	1	0	2	4	202985.8	0	0	0	0	0	0	0
G1	368119.6	3765855	1	368168.8	3765776	1	0	2	4	226428.4	0	0	0	0	0	0	0
G1	368170.1	3766606	1	368276.9	3766607	1	0	2	4	224488.3	0	0	0	0	0	0	0
G1	368343.4	3766582	1	368316.7	3766585	1	0	2	4	222999.4	0	0	0	0	0	0	0
G1	368316.7	3766585	1	368297.4	3766585	1	0	2	4	223349.2	0	0	0	0	0	0	0
G1	369503.7	3766540	1	369525.8	3766532	1	0	2	4	198680.7	0	0	0	0	0	0	0
G1	369525.8	3766532	1	369616.4	3766494	1	0	2	4	197252.0	0	0	0	0	0	0	0
G1	369616.4	3766494	1	369694.5	3766459	1	0	2	4	195616.4	0	0	0	0	0	0	0
G1	369694.5	3766459	1	369730.9	3766444	1	0	2	4	194085.5	0	0	0	0	0	0	0
G1	369034.7	3766598	1	369073.8	3766598	1	0	2	4	207542.9	0	0	0	0	0	0	0
G1	369073.8	3766598	1	369165.2	3766596	1	0	2	4	208268.0	0	0	0	0	0	0	0
G1	368660.8	3765002	1	368712.8	3764918	1	0	2	4	223182.0	0	0	0	0	0	0	0
G1	368712.8	3764918	1	368734.7	3764884	1	0	2	4	230361.0	0	0	0	0	0	0	0
G1	368734.7	3764884	1	368901.8	3764622	1	0	2	4	230907.6	0	0	0	0	0	0	0
G1	368901.8	3764622	1	369027.0	3764429	1	0	2	4	230411.9	0	0	0	0	0	0	0
G1	368123.5	3766606	1	368170.1	3766606	1	0	2	4	226090.6	0	0	0	0	0	0	0
G1	368297.4	3766585	1	368183.1	3766586	1	0	2	4	224353.9	0	0	0	0	0	0	0
G1	368814.2	3766604	1	368834.3	3766603	1	0	2	4	213374.8	0	0	0	0	0	0	0
G1	369386.8	3766588	1	369410.3	3766584	1	0	2	4	201479.4	0	0	0	0	0	0	0
G1	369410.3	3766584	1	369421.0	3766582	1	0	2	4	201005.0	0	0	0	0	0	0	0
G1	368458.2	3765317	1	368465.2	3765305	1	0	2	4	225651.2	0	0	0	0	0	0	0
G1	369181.2	3766596	1	369233.5	3766597	1	0	2	4	206155.5	0	0	0	0	0	0	0
G1	369233.5	3766597	1	369276.7	3766596	1	0	2	4	204797.9	0	0	0	0	0	0	0
G1	369276.7	3766596	1	369325.5	3766594	1	0	2	4	203743.1	0	0	0	0	0	0	0
G1	369325.5	3766594	1	369355.6	3766591	1	0	2	4	202824.0	0	0	0	0	0	0	0
G1	369355.6	3766591	1	369386.8	3766588	1	0	2	4	201974.9	0	0	0	0	0	0	0
G1	369730.9	3766444	1	369747.2	3766437	1	0	2	4	193740.1	0	0	0	0	0	0	0
G1	368276.9	3766607	1	368340.3	3766605	1	0	2	4	223127.2	0	0	0	0	0	0	0
G1	368340.3	3766605	1	368392.8	3766603	1	0	2	4	223010.5	0	0	0	0	0	0	0
G1	368392.8	3766603	1	368456.0	3766603	1	0	2	4	221857.5	0	0	0	0	0	0	0
G1	369991.6	3766395	1	370084.1	3766385	1	0	2	4	186067.4	0	0	0	0	0	0	0
G1	369415.7	3766561	1	369456.8	3766553	1	0	2	4	200609.1	0	0	0	0	0	0	0
G1	369456.8	3766553	1	369477.6	3766547	1	0	2	4	199798.6	0	0	0	0	0	0	0
G1	369477.6	3766547	1	369492.3	3766544	1	0	2	4	199303.4	0	0	0	0	0	0	0
G1	368341.0	3765502	1	368448.5	3765332	1	0	2	4	226363.9	0	0	0	0	0	0	0
G1	369037.9	3764412	1	369059.2	3764380	1	0	2	4	231100.7	0	0	0	0	0	0	0
G1	369486.6	3766565	1	369515.6	3766557	1	0	2	4	198812.2	0	0	0	0	0	0	0
G1	369515.6	3766557	1	369632.3	3766509	1	0	2	4	196998.8	0	0	0	0	0	0	0
G1	369002.7	3766578	1	368916.3	3766580	1	0	2	4	210488.8	0	0	0	0	0	0	0
G1	368916.3	3766580	1	368781.7	3766580	1	0	2	4	213315.6	0	0	0	0	0	0	0
G1	368781.7	3766580	1	368745.3	3766582	1	0	2	4	214732.0	0	0	0	0	0	0	0
G1	368728.7	3766602	1	368806.0	3766604	1	0	2	4	214485.7	0	0	0	0	0	0	0
G1	368806.0	3766604	1	368814.2	3766604	1	0	2	4	213768.5	0	0	0	0	0	0	0
G1	368465.2	3765305	1	368562.7	3765156	1	0	2	4	225326.9	0	0	0	0	0	0	0
G1	368456.0	3766603	1	368503.5	3766602	1	0	2	4	220945.0	0	0	0	0	0	0	0
G1	369325.8	3766575	1	369272.0	3766578	1	0	2	4	204191.4	0	0	0	0	0	0	0
G1	369272.0	3766578	1	369250.0	3766578	1	0	2	4	205242.4	0	0	0	0	0	0	0
G1	369250.0	3766578	1	369192.7	3766578	1	0	2	4	206382.1	0	0	0	0	0	0	0
G1	368452.1	3765288	1	368459.6	3765277	1	0	2	4	225873.2	0	0	0	0	0	0	0
G1	369018.0	3764399	1	369027.0	3764385	1	0	2	4	231313.4	0	0	0	0	0	0	0
G1	369027.0	3764385	1	369037.0	3764368	1	0	2	4	230445.5	0	0	0	0	0	0	0
G1	368634.0	3765003	1	368639.9	3764994	1	0	2	4	223754.0	0	0	0	0	0	0	0
G1	368639.9	3764994	1	368720.3	3764871	1	0	2	4	223227.5	0	0	0	0	0	0	0
G1	369176.1	3766578	1	369055.3	3766578	1	0	2	4	208708.1	0	0	0	0	0	0	0
G1	368538.1	3765151	1	368634.0	3765003	1	0	2	4	224968.5	0	0	0	0	0	0	0
G1	369165.2	3766596	1	369181.2	3766596	1	0	2	4	206908.7	0	0	0	0	0	0	0
G1	368989.2	3766599	1	369034.7	3766598	1	0	2	4	208832.9	0	0	0	0	0	0	0
G1	368536.7	3766582	1	368387.3	3766581	1	0	2	4	221378.9	0	0	0	0	0	0	0
G1	368387.3	3766581	1	368343.4	3766582	1	0	2	4	223274.1	0	0	0	0	0	0	0
G1	368459.6	3765277	1	368538.1	3765151	1	0	2	4	225583.7	0	0	0	0	0	0	0
G1	368163.9	3766586	1	368101.7	3766584	1	0	2	4	226347.1	0	0	0	0	0	0	0
G1	369421.0	3766582	1	369461.1	3766573	1	0	2	4	200382.0	0	0	0	0	0	0	0
G1	369461.1	3766573	1	369468.0	3766571	1	0	2	4	199738.5	0	0	0	0	0	0	0
G1	369468.0	3766571	1	369486.6	3766565	1	0	2	4	199384.5	0	0	0	0	0	0	0
G1	369632.3	3766509	1	369673.9	3766493	1	0	2	4	195264.0	0	0	0	0	0	0	0
G1	368183.1	3766586	1	368163.9	3766586	1	0	2	4	225635.4	0	0	0	0	0	0	0
G1	368448.5	3765332	1	368458.2	3765317	1	0	2	4	225666.1	0	0	0	0	0	0	0
G1	368068.9	3765934	1	368110.6	3765869	1	0	2	4	226477.8	0	0	0	0	0	0	0
G1	368110.6	3765869	1	368119.6	3765855	1	0	2	4	226426.0	0	0	0	0	0	0	0
G1	369738.7	3766463	1	369773.7	3766448	1	0	2	4	193141.4	0	0	0	0	0	0	0
G1	369773.7	3766448	1	369819.3	3766431	1	0	2	4	192134.7	0	0	0	0	0	0	0
G1	369819.3	3766431	1	369870.2	3766416	1	0	2	4	190784.1	0	0	0	0	0	0	0
G1	369870.2	3766416	1	369906.4	3766407	1	0	2	4	189921.5	0	0	0	0	0	0	0
G1	369906.4	3766407	1	369943.2	3766401	1	0	2	4	188928.3	0	0	0	0	0	0	0
G1	369943.2	3766401	1	369991.6	3766395	1	0	2	4	187756.2	0	0	0	0	0	0	0
G1	369055.3	3766578	1	369002.7	3766578	1	0	2	4	208504.2	0	0	0	0	0	0	0
G1	368544.8	3766602	1	368640.5	3766604	1	0	2	4	218940.4	0	0	0	0	0	0	0
G1	368745.3	3766582	1	368726.9	3766580	1	0	2	4	215377.9	0	0	0	0	0	0	0
G1	368726.9	3766580	1	368642.1	3766581	1	0	2	4	216840.0	0	0	0	0	0	0	0
G1	368642.1	3766581	1	368536.7	3766582	1	0	2	4	219205.2	0	0	0	0	0	0	0
G1	368834.3	3766603	1	368989.2	3766599	1	0	2	4	211491.3	0	0	0	0	0	0	0
G1	368562.7	3765156	1	368660.8	3765002	1	0	2	4	224781.8	0	0	0	0	0	0	0
G1	369037.0	3764368	1	369058.3	3764334	1	0	2	4	230629.4	0	0	0	0	0	0	0
G1	369058.3	3764334	1	369091.1	3764280	1	0	2	4	230886.2	0	0	0	0	0	0	0
G1	368318.4	3765498	1	368429.8	3765321	1	0	2	4	226708.4	0	0	0	0	0	0	0
G1	368429.8	3765321	1	368452.1	3765288	1	0	2	4	225799.0	0	0	0	0	0	0	0
G1	368640.5	3766604	1	368728.7	3766602	1	0	2	4	216702.3	0	0	0	0	0	0	0
G1	370084.1	3766385	1	370138.3	3766378	1	0	2	4	184207.6	0	0	0	0	0	0	0
G1	370138.3	3766378	1	370239.1	3766366	1	0	2	4	180988.4	0	0	0	0	0	0	0
G1	370470.2	3766340	1	370503.3	3766336	1	0	2	4	183829.5	0	0	0	0	0	0	0
G1	370503.3	3766336	1	370546.0	3766330	1	0	2	4	184915.7	0	0	0	0	0	0	0
G1	370546.0	3766330	1	370684.0	3766314	1	0	2	4	187831.2	0	0	0	0	0	0	0
G1	371628.4	3766461	1	371602.4	3766445	1	0	2	4	208241.9	0	0	0	0	0	0	0
G1	371602.4	3766445	1	371586.5	3766434	1	0	2	4	207870.6	0	0	0	0	0	0	0
G1	370517.4	3766311	1	370454.5	3766319	1	0	2	4	184352.6	0	0	0	0	0	0	0
G1	371572.3	3766447	1	371579.4	3766452	1	0	2	4	207602.3	0	0	0	0	0	0	0
G1	372078.4	3766772	1	372032.5	3766739	1	0	2	4	217268.4	0	0	0	0	0	0	0
G1	372032.5	3766739	1	371928.6	3766666	1	0	2	4	215562.1	0	0	0	0	0	0	0
G1	371928.6	3766666	1	371854.6	3766615	1	0	2	4	213547.7	0	0	0	0	0	0	0
G1	371586.5	3766434	1	371577.7	3766428	1	0	2	4	207799.6	0	0	0	0	0	0	0
G1	371561.9	3766417	1	371529.2	3766393	1	0	2	4	207416.1	0	0	0	0	0	0	0
G1	371529.2	3766393	1	371472.7	3766357	1	0	2	4	206520.9	0	0	0	0	0	0	0
G1	371472.7	3766357	1	371447.8	3766342	1	0	2	4	205974.5	0	0	0	0	0	0	0
G1	371614.9	3766478	1	371619.8	3766481	1	0	2	4	208179.1	0	0	0	0	0	0	0
G1	371592.3	3766462	1	371586.7	3766458	1	0	2	4	207787.0	0	0	0	0	0	0	0
G1	371586.7	3766458	1	371579.4	3766452	1	0	2	4	207670.3	0	0	0	0	0	0	0
G1	371614.9	3766478	1	371610.1	3766474	1	0	2	4	208102.9	0	0	0	0	0	0	0
G1	371043.5	3766252	1	370923.9	3766265	1	0	2	4	198339.8	0	0	0	0	0	0	0
G1	370923.9	3766265	1	370819.3	3766277	1	0	2	4	195815.2	0	0	0	0	0	0	0
G1	370819.3	3766277	1	370659.4	3766296	1	0	2	4	191334.6	0	0	0	0	0	0	0
G1	371630.0	3766462	1	371628.4	3766461	1	0	2	4	208494.7	0	0	0	0	0	0	0
G1	371570.2	3766423	1	371561.9	3766417	1	0	2	4	207623.8	0	0	0	0	0	0	0
G1	371577.7	3766428	1	371570.2	3766423	1	0	2	4	207765.1	0	0	0	0	0	0	0
G1	371226.3	3766265	1	371177.3	3766258	1	0	2	4	201869.2	0	0	0	0	0	0	0
G1	371177.3	3766258	1	371135.3	3766253	1	0	2	4	201036.4	0	0	0	0	0	0	0
G1	371135.3	3766253	1	371108.6	3766252	1	0	2	4	200316.6	0	0	0	0	0	0	0
G1	371108.6	3766252	1	371073.0	3766252	1	0	2	4	199646.7	0	0	0	0	0	0	0
G1	371619.8	3766481	1	371635.2	3766492	1	0	2	4	208365.6	0	0	0	0	0	0	0
G1	371635.2	3766492	1	371716.3	3766549	1	0	2	4	208116.2	0	0	0	0	0	0	0
G1	371716.3	3766549	1	371838.3	3766630	1	0	2	4	209507.0	0	0	0	0	0	0	0
G1	371092.3	3766272	1	371162.0	3766274	1	0	2	4	200303.8	0	0	0	0	0	0	0
G1	371162.0	3766274	1	371211.0	3766280	1	0	2	4	201439.6	0	0	0	0	0	0	0
G1	371211.0	3766280	1	371233.7	3766285	1	0	2	4	202076.3	0	0	0	0	0	0	0
G1	370416.6	3766324	1	370352.0	3766331	1	0	2	4	178089.3	0	0	0	0	0	0	0
G1	370352.0	3766331	1	370248.3	3766345	1	0	2	4	178327.4	0	0	0	0	0	0	0
G1	370239.1	3766366	1	370351.1	3766353	1	0	2	4	178357.1	0	0	0	0	0	0	0
G1	370351.1	3766353	1	370391.0	3766351	1	0	2	4	177306.0	0	0	0	0	0	0	0
G1	370391.0	3766351	1	370400.3	3766350	1	0	2	4	178038.1	0	0	0	0	0	0	0
G1	370400.3	3766350	1	370443.9	3766344	1	0	2	4	180012.5	0	0	0	0	0	0	0
G1	370443.9	3766344	1	370470.2	3766340	1	0	2	4	181012.0	0	0	0	0	0	0	0
G1	371638.3	3766468	1	371633.4	3766464	1	0	2	4	207636.6	0	0	0	0	0	0	0
G1	371447.8	3766342	1	371416.5	3766326	1	0	2	4	205641.6	0	0	0	0	0	0	0
G1	371416.5	3766326	1	371397.3	3766318	1	0	2	4	205195.9	0	0	0	0	0	0	0
G1	371397.3	3766318	1	371382.9	3766310	1	0	2	4	205164.6	0	0	0	0	0	0	0
G1	371382.9	3766310	1	371374.7	3766306	1	0	2	4	204962.1	0	0	0	0	0	0	0
G1	371374.7	3766306	1	371305.3	3766283	1	0	2	4	204468.2	0	0	0	0	0	0	0
G1	371305.3	3766283	1	371277.4	3766275	1	0	2	4	203457.4	0	0	0	0	0	0	0
G1	371277.4	3766275	1	371250.0	3766270	1	0	2	4	202974.8	0	0	0	0	0	0	0
G1	371250.0	3766270	1	371226.3	3766265	1	0	2	4	202512.7	0	0	0	0	0	0	0
G1	371854.6	3766615	1	371701.7	3766509	1	0	2	4	209684.8	0	0	0	0	0	0	0
G1	371701.7	3766509	1	371657.8	3766480	1	0	2	4	208283.0	0	0	0	0	0	0	0
G1	371657.8	3766480	1	371638.3	3766468	1	0	2	4	207860.0	0	0	0	0	0	0	0
G1	371427.6	3766358	1	371438.7	3766364	1	0	2	4	205363.5	0	0	0	0	0	0	0
G1	371438.7	3766364	1	371533.1	3766422	1	0	2	4	206133.3	0	0	0	0	0	0	0
G1	371533.1	3766422	1	371572.3	3766447	1	0	2	4	207181.6	0	0	0	0	0	0	0
G1	371633.4	3766464	1	371630.0	3766462	1	0	2	4	207561.0	0	0	0	0	0	0	0
G1	371838.3	3766630	1	371863.1	3766648	1	0	2	4	212635.7	0	0	0	0	0	0	0
G1	371863.1	3766648	1	371957.4	3766715	1	0	2	4	214623.8	0	0	0	0	0	0	0
G1	371957.4	3766715	1	372020.0	3766758	1	0	2	4	215717.8	0	0	0	0	0	0	0
G1	371049.7	3766272	1	371069.2	3766272	1	0	2	4	199370.5	0	0	0	0	0	0	0
G1	371069.2	3766272	1	371092.3	3766272	1	0	2	4	199305.1	0	0	0	0	0	0	0
G1	370832.1	3766300	1	371022.8	3766275	1	0	2	4	196909.4	0	0	0	0	0	0	0
G1	371022.8	3766275	1	371049.7	3766272	1	0	2	4	198252.6	0	0	0	0	0	0	0
G1	371610.1	3766474	1	371592.3	3766462	1	0	2	4	207898.7	0	0	0	0	0	0	0
G1	370659.4	3766296	1	370539.9	3766308	1	0	2	4	187612.2	0	0	0	0	0	0	0
G1	370539.9	3766308	1	370517.4	3766311	1	0	2	4	185255.5	0	0	0	0	0	0	0
G1	370684.0	3766314	1	370712.3	3766311	1	0	2	4	190528.1	0	0	0	0	0	0	0
G1	370712.3	3766311	1	370832.1	3766300	1	0	2	4	192090.0	0	0	0	0	0	0	0
G1	371233.7	3766285	1	371251.0	3766289	1	0	2	4	202445.1	0	0	0	0	0	0	0
G1	371251.0	3766289	1	371280.6	3766297	1	0	2	4	202895.1	0	0	0	0	0	0	0
G1	371280.6	3766297	1	371316.6	3766309	1	0	2	4	203354.7	0	0	0	0	0	0	0
G1	371316.6	3766309	1	371342.4	3766318	1	0	2	4	203964.4	0	0	0	0	0	0	0
G1	371342.4	3766318	1	371395.4	3766341	1	0	2	4	204438.8	0	0	0	0	0	0	0
G1	371395.4	3766341	1	371427.6	3766358	1	0	2	4	205130.7	0	0	0	0	0	0	0
G1	370454.5	3766319	1	370416.6	3766324	1	0	2	4	180836.7	0	0	0	0	0	0	0
G1	371073.0	3766252	1	371043.5	3766252	1	0	2	4	199481.1	0	0	0	0	0	0	0
G1	370357.0	3762356	1	370407.3	3762275	1	0	2	4	238323.0	0	0	0	0	0	0	0
G1	370407.3	3762275	1	370435.0	3762233	1	0	2	4	239611.4	0	0	0	0	0	0	0
G1	370435.0	3762233	1	370440.4	3762224	1	0	2	4	239501.5	0	0	0	0	0	0	0
G1	370527.6	3762081	1	370610.3	3761952	1	0	2	4	239061.6	0	0	0	0	0	0	0
G1	370632.1	3761876	1	370641.4	3761861	1	0	2	4	236433.2	0	0	0	0	0	0	0
G1	370510.3	3762064	1	370517.7	3762052	1	0	2	4	239069.2	0	0	0	0	0	0	0
G1	370517.7	3762052	1	370523.7	3762043	1	0	2	4	239091.4	0	0	0	0	0	0	0
G1	370523.7	3762043	1	370546.7	3762013	1	0	2	4	239147.7	0	0	0	0	0	0	0
G1	370546.7	3762013	1	370585.4	3761953	1	0	2	4	239021.0	0	0	0	0	0	0	0
G1	370271.5	3762443	1	370277.9	3762434	1	0	2	4	251181.3	0	0	0	0	0	0	0
G1	370491.6	3762092	1	370510.3	3762064	1	0	2	4	239325.9	0	0	0	0	0	0	0
G1	370083.3	3762773	1	370126.1	3762710	1	0	2	4	247496.3	0	0	0	0	0	0	0
G1	370655.3	3761884	1	370667.1	3761866	1	0	2	4	237023.9	0	0	0	0	0	0	0
G1	370641.4	3761861	1	370677.0	3761808	1	0	2	4	239567.7	0	0	0	0	0	0	0
G1	370677.0	3761808	1	370703.7	3761765	1	0	2	4	240314.6	0	0	0	0	0	0	0
G1	370703.7	3761765	1	370715.1	3761747	1	0	2	4	240089.4	0	0	0	0	0	0	0
G1	370277.9	3762434	1	370303.5	3762396	1	0	2	4	251340.5	0	0	0	0	0	0	0
G1	370303.5	3762396	1	370324.8	3762365	1	0	2	4	251447.3	0	0	0	0	0	0	0
G1	370262.9	3762455	1	370271.5	3762443	1	0	2	4	251167.5	0	0	0	0	0	0	0
G1	370095.6	3762713	1	370177.9	3762587	1	0	2	4	249401.9	0	0	0	0	0	0	0
G1	370177.9	3762587	1	370262.9	3762455	1	0	2	4	250922.3	0	0	0	0	0	0	0
G1	370192.1	3762612	1	370264.6	3762497	1	0	2	4	250609.0	0	0	0	0	0	0	0
G1	370324.8	3762365	1	370340.7	3762340	1	0	2	4	251715.7	0	0	0	0	0	0	0
G1	370339.3	3762383	1	370357.0	3762356	1	0	2	4	251450.6	0	0	0	0	0	0	0
G1	370621.1	3761892	1	370632.1	3761876	1	0	2	4	236532.4	0	0	0	0	0	0	0
G1	370667.1	3761866	1	370673.7	3761856	1	0	2	4	239563.6	0	0	0	0	0	0	0
G1	370585.4	3761953	1	370621.1	3761892	1	0	2	4	236657.8	0	0	0	0	0	0	0
G1	370673.7	3761856	1	370701.3	3761814	1	0	2	4	239646.9	0	0	0	0	0	0	0
G1	370701.3	3761814	1	370743.2	3761747	1	0	2	4	240112.0	0	0	0	0	0	0	0
G1	370427.8	3762198	1	370458.3	3762146	1	0	2	4	239510.2	0	0	0	0	0	0	0
G1	370440.4	3762224	1	370477.4	3762162	1	0	2	4	239470.2	0	0	0	0	0	0	0
G1	370477.4	3762162	1	370527.6	3762081	1	0	2	4	239447.9	0	0	0	0	0	0	0
G1	370288.1	3762463	1	370293.8	3762454	1	0	2	4	250979.3	0	0	0	0	0	0	0
G1	370340.7	3762340	1	370354.8	3762315	1	0	2	4	251788.6	0	0	0	0	0	0	0
G1	370354.8	3762315	1	370361.8	3762303	1	0	2	4	238351.0	0	0	0	0	0	0	0
G1	370361.8	3762303	1	370414.3	3762221	1	0	2	4	239605.1	0	0	0	0	0	0	0
G1	370414.3	3762221	1	370419.2	3762213	1	0	2	4	239547.4	0	0	0	0	0	0	0
G1	370419.2	3762213	1	370427.8	3762198	1	0	2	4	239569.0	0	0	0	0	0	0	0
G1	370045.7	3762789	1	370075.2	3762744	1	0	2	4	247199.8	0	0	0	0	0	0	0
G1	370075.2	3762744	1	370095.6	3762713	1	0	2	4	247670.9	0	0	0	0	0	0	0
G1	370293.8	3762454	1	370319.5	3762415	1	0	2	4	251120.1	0	0	0	0	0	0	0
G1	370319.5	3762415	1	370339.3	3762383	1	0	2	4	251268.6	0	0	0	0	0	0	0
G1	370458.3	3762146	1	370491.6	3762092	1	0	2	4	239442.0	0	0	0	0	0	0	0
G1	370126.1	3762710	1	370192.1	3762612	1	0	2	4	249936.8	0	0	0	0	0	0	0
G1	370610.3	3761952	1	370655.3	3761884	1	0	2	4	236634.0	0	0	0	0	0	0	0
G1	370264.6	3762497	1	370288.1	3762463	1	0	2	4	250909.4	0	0	0	0	0	0	0
G1	371660.9	3761780	1	371661.4	3761787	1	0	2	4	238597.0	0	0	0	0	0	0	0
G1	371661.4	3761787	1	371661.5	3761795	1	0	2	4	238562.3	0	0	0	0	0	0	0
G1	371679.2	3761797	1	371679.7	3761789	1	0	2	4	238626.2	0	0	0	0	0	0	0
G1	371679.7	3761789	1	371680.2	3761782	1	0	2	4	238665.0	0	0	0	0	0	0	0
G1	369387.3	3761437	1	369303.0	3761367	1	0	2	4	228471.8	0	0	0	0	0	0	0
G1	369782.0	3761706	1	369773.3	3761703	1	0	2	4	233067.9	0	0	0	0	0	0	0
G1	369773.3	3761703	1	369757.1	3761698	1	0	2	4	233012.9	0	0	0	0	0	0	0
G1	369402.1	3761423	1	369319.9	3761352	1	0	2	4	228534.4	0	0	0	0	0	0	0
G1	369319.9	3761352	1	369259.5	3761300	1	0	2	4	227678.3	0	0	0	0	0	0	0
G1	369259.5	3761300	1	369202.4	3761253	1	0	2	4	226957.7	0	0	0	0	0	0	0
G1	369202.4	3761253	1	369090.9	3761149	1	0	2	4	225945.8	0	0	0	0	0	0	0
G1	369757.1	3761698	1	369721.8	3761685	1	0	2	4	231575.2	0	0	0	0	0	0	0
G1	369400.3	3761449	1	369393.5	3761442	1	0	2	4	228907.7	0	0	0	0	0	0	0
G1	369393.5	3761442	1	369387.3	3761437	1	0	2	4	228857.8	0	0	0	0	0	0	0
G1	368425.5	3760949	1	368464.1	3760944	1	0	2	4	224413.7	0	0	0	0	0	0	0
G1	368425.5	3760949	1	368389.6	3760955	1	0	2	4	224204.6	0	0	0	0	0	0	0
G1	368389.6	3760955	1	368350.4	3760964	1	0	2	4	224120.6	0	0	0	0	0	0	0
G1	368350.4	3760964	1	368315.1	3760974	1	0	2	4	223930.8	0	0	0	0	0	0	0
G1	368315.1	3760974	1	368285.3	3760986	1	0	2	4	223975.1	0	0	0	0	0	0	0
G1	368285.3	3760986	1	368239.6	3761008	1	0	2	4	224018.3	0	0	0	0	0	0	0
G1	368239.6	3761008	1	368164.0	3761050	1	0	2	4	223987.6	0	0	0	0	0	0	0
G1	368520.3	3760927	1	368545.7	3760927	1	0	2	4	219566.6	0	0	0	0	0	0	0
G1	368545.7	3760927	1	368607.6	3760930	1	0	2	4	219781.5	0	0	0	0	0	0	0
G1	368607.6	3760930	1	368634.9	3760933	1	0	2	4	220014.7	0	0	0	0	0	0	0
G1	368634.9	3760933	1	368703.3	3760942	1	0	2	4	220400.7	0	0	0	0	0	0	0
G1	368703.3	3760942	1	368748.1	3760952	1	0	2	4	220837.2	0	0	0	0	0	0	0
G1	368748.1	3760952	1	368819.1	3760975	1	0	2	4	225312.8	0	0	0	0	0	0	0
G1	368819.1	3760975	1	368848.1	3760985	1	0	2	4	225679.9	0	0	0	0	0	0	0
G1	368848.1	3760985	1	368902.2	3761012	1	0	2	4	226213.2	0	0	0	0	0	0	0
G1	368902.2	3761012	1	368955.9	3761045	1	0	2	4	226563.1	0	0	0	0	0	0	0
G1	368955.9	3761045	1	368989.3	3761068	1	0	2	4	224312.7	0	0	0	0	0	0	0
G1	368989.3	3761068	1	369006.8	3761081	1	0	2	4	224563.4	0	0	0	0	0	0	0
G1	369006.8	3761081	1	369090.9	3761149	1	0	2	4	225038.3	0	0	0	0	0	0	0
G1	368409.0	3760937	1	368451.2	3760932	1	0	2	4	224182.0	0	0	0	0	0	0	0
G1	369303.0	3761367	1	369064.7	3761163	1	0	2	4	226637.4	0	0	0	0	0	0	0
G1	369064.7	3761163	1	369013.6	3761118	1	0	2	4	227639.6	0	0	0	0	0	0	0
G1	368451.2	3760932	1	368520.3	3760927	1	0	2	4	219366.3	0	0	0	0	0	0	0
G1	369765.1	3761677	1	369779.1	3761682	1	0	2	4	231515.1	0	0	0	0	0	0	0
G1	369779.1	3761682	1	369795.3	3761689	1	0	2	4	231533.6	0	0	0	0	0	0	0
G1	369414.2	3761434	1	369408.0	3761428	1	0	2	4	228764.1	0	0	0	0	0	0	0
G1	369013.6	3761118	1	368946.9	3761065	1	0	2	4	227209.5	0	0	0	0	0	0	0
G1	368946.9	3761065	1	368914.7	3761043	1	0	2	4	226701.8	0	0	0	0	0	0	0
G1	368914.7	3761043	1	368873.1	3761016	1	0	2	4	226300.2	0	0	0	0	0	0	0
G1	368873.1	3761016	1	368843.9	3761002	1	0	2	4	226027.9	0	0	0	0	0	0	0
G1	368843.9	3761002	1	368812.5	3760989	1	0	2	4	225810.9	0	0	0	0	0	0	0
G1	368812.5	3760989	1	368745.8	3760969	1	0	2	4	225346.8	0	0	0	0	0	0	0
G1	368745.8	3760969	1	368694.8	3760956	1	0	2	4	225166.8	0	0	0	0	0	0	0
G1	368694.8	3760956	1	368621.1	3760945	1	0	2	4	220357.8	0	0	0	0	0	0	0
G1	368621.1	3760945	1	368574.9	3760941	1	0	2	4	219984.9	0	0	0	0	0	0	0
G1	368574.9	3760941	1	368540.6	3760940	1	0	2	4	219743.8	0	0	0	0	0	0	0
G1	369671.7	3761632	1	369765.1	3761677	1	0	2	4	231252.0	0	0	0	0	0	0	0
G1	369637.3	3761640	1	369532.0	3761567	1	0	2	4	230711.4	0	0	0	0	0	0	0
G1	369532.0	3761567	1	369415.0	3761462	1	0	2	4	229682.7	0	0	0	0	0	0	0
G1	369795.3	3761689	1	369804.1	3761692	1	0	2	4	231588.8	0	0	0	0	0	0	0
G1	369804.1	3761692	1	369809.9	3761694	1	0	2	4	231620.3	0	0	0	0	0	0	0
G1	369809.9	3761694	1	369825.8	3761700	1	0	2	4	231666.8	0	0	0	0	0	0	0
G1	369671.7	3761632	1	369591.3	3761582	1	0	2	4	230708.3	0	0	0	0	0	0	0
G1	369591.3	3761582	1	369561.5	3761560	1	0	2	4	230461.4	0	0	0	0	0	0	0
G1	369561.5	3761560	1	369537.3	3761540	1	0	2	4	230163.3	0	0	0	0	0	0	0
G1	369537.3	3761540	1	369474.1	3761484	1	0	2	4	229816.6	0	0	0	0	0	0	0
G1	369474.1	3761484	1	369414.2	3761434	1	0	2	4	229236.2	0	0	0	0	0	0	0
G1	369721.8	3761685	1	369662.2	3761655	1	0	2	4	231289.5	0	0	0	0	0	0	0
G1	369662.2	3761655	1	369637.3	3761640	1	0	2	4	231111.6	0	0	0	0	0	0	0
G1	369415.0	3761462	1	369408.5	3761456	1	0	2	4	229021.0	0	0	0	0	0	0	0
G1	369408.5	3761456	1	369400.3	3761449	1	0	2	4	228965.0	0	0	0	0	0	0	0
G1	368464.1	3760944	1	368508.0	3760940	1	0	2	4	219565.5	0	0	0	0	0	0	0
G1	368508.0	3760940	1	368540.6	3760940	1	0	2	4	219580.7	0	0	0	0	0	0	0
G1	368164.0	3761050	1	368116.4	3761071	1	0	2	4	210917.8	0	0	0	0	0	0	0
G1	368116.4	3761071	1	368084.7	3761083	1	0	2	4	210671.5	0	0	0	0	0	0	0
G1	369973.7	3761756	1	369885.2	3761740	1	0	2	4	233633.0	0	0	0	0	0	0	0
G1	369885.2	3761740	1	369835.9	3761724	1	0	2	4	233408.4	0	0	0	0	0	0	0
G1	369835.9	3761724	1	369819.2	3761718	1	0	2	4	233178.9	0	0	0	0	0	0	0
G1	369819.2	3761718	1	369816.5	3761718	1	0	2	4	233188.6	0	0	0	0	0	0	0
G1	369816.5	3761718	1	369798.8	3761712	1	0	2	4	233146.6	0	0	0	0	0	0	0
G1	369798.8	3761712	1	369782.0	3761706	1	0	2	4	233072.6	0	0	0	0	0	0	0
G1	369408.0	3761428	1	369402.1	3761423	1	0	2	4	228718.5	0	0	0	0	0	0	0
G1	368409.0	3760937	1	368365.3	3760943	1	0	2	4	224074.5	0	0	0	0	0	0	0
G1	368365.3	3760943	1	368256.4	3760964	1	0	2	4	223937.3	0	0	0	0	0	0	0
G1	368256.4	3760964	1	368168.3	3760974	1	0	2	4	223514.0	0	0	0	0	0	0	0
G1	368168.3	3760974	1	368107.0	3760979	1	0	2	4	210098.6	0	0	0	0	0	0	0
G1	368107.0	3760979	1	368058.0	3760986	1	0	2	4	209766.4	0	0	0	0	0	0	0
G1	368058.0	3760986	1	368024.3	3760995	1	0	2	4	209412.1	0	0	0	0	0	0	0
G1	369825.8	3761700	1	369900.8	3761719	1	0	2	4	233268.7	0	0	0	0	0	0	0
G1	369900.8	3761719	1	369978.9	3761734	1	0	2	4	233617.3	0	0	0	0	0	0	0
G1	369978.9	3761734	1	370002.8	3761737	1	0	2	4	233671.1	0	0	0	0	0	0	0
G1	370002.8	3761737	1	370014.6	3761738	1	0	2	4	233722.0	0	0	0	0	0	0	0
G1	370457.8	3761740	1	370474.5	3761738	1	0	2	4	238260.7	0	0	0	0	0	0	0
G1	370474.5	3761738	1	370502.1	3761735	1	0	2	4	238280.6	0	0	0	0	0	0	0
G1	370502.1	3761735	1	370548.7	3761730	1	0	2	4	238161.5	0	0	0	0	0	0	0
G1	370548.7	3761730	1	370576.6	3761727	1	0	2	4	238871.9	0	0	0	0	0	0	0
G1	370576.6	3761727	1	370597.8	3761725	1	0	2	4	238723.4	0	0	0	0	0	0	0
G1	370829.7	3761664	1	370838.6	3761663	1	0	2	4	239991.1	0	0	0	0	0	0	0
G1	370778.3	3761692	1	370782.2	3761686	1	0	2	4	240026.8	0	0	0	0	0	0	0
G1	370782.2	3761686	1	370783.6	3761683	1	0	2	4	240042.8	0	0	0	0	0	0	0
G1	371187.5	3761635	1	371135.8	3761642	1	0	2	4	240915.8	0	0	0	0	0	0	0
G1	371135.8	3761642	1	371105.5	3761646	1	0	2	4	240724.8	0	0	0	0	0	0	0
G1	370597.8	3761725	1	370624.6	3761722	1	0	2	4	238806.8	0	0	0	0	0	0	0
G1	370624.6	3761722	1	370701.1	3761711	1	0	2	4	239390.1	0	0	0	0	0	0	0
G1	370952.0	3761376	1	371004.9	3761289	1	0	2	4	238627.9	0	0	0	0	0	0	0
G1	370741.8	3761705	1	370746.0	3761699	1	0	2	4	240053.7	0	0	0	0	0	0	0
G1	370746.0	3761699	1	370747.4	3761696	1	0	2	4	240069.4	0	0	0	0	0	0	0
G1	370814.1	3761688	1	370828.7	3761684	1	0	2	4	240027.8	0	0	0	0	0	0	0
G1	370828.7	3761684	1	370841.1	3761683	1	0	2	4	239958.6	0	0	0	0	0	0	0
G1	371548.7	3761698	1	371528.2	3761692	1	0	2	4	239318.6	0	0	0	0	0	0	0
G1	371528.2	3761692	1	371511.9	3761688	1	0	2	4	239463.6	0	0	0	0	0	0	0
G1	371511.9	3761688	1	371505.4	3761686	1	0	2	4	239426.5	0	0	0	0	0	0	0
G1	370014.6	3761738	1	370050.8	3761742	1	0	2	4	233730.3	0	0	0	0	0	0	0
G1	370050.8	3761742	1	370128.8	3761744	1	0	2	4	233803.7	0	0	0	0	0	0	0
G1	370128.8	3761744	1	370205.4	3761736	1	0	2	4	233864.8	0	0	0	0	0	0	0
G1	370715.0	3761683	1	370732.6	3761682	1	0	2	4	238618.6	0	0	0	0	0	0	0
G1	371098.5	3761647	1	371092.2	3761648	1	0	2	4	240620.4	0	0	0	0	0	0	0
G1	371285.5	3760852	1	371294.0	3760838	1	0	2	4	234999.0	0	0	0	0	0	0	0
G1	371243.8	3761621	1	371257.3	3761620	1	0	2	4	241073.4	0	0	0	0	0	0	0
G1	371257.3	3761620	1	371286.3	3761621	1	0	2	4	241156.5	0	0	0	0	0	0	0
G1	370748.3	3761678	1	370759.7	3761676	1	0	2	4	239326.7	0	0	0	0	0	0	0
G1	371052.7	3761653	1	370986.1	3761669	1	0	2	4	240545.0	0	0	0	0	0	0	0
G1	370986.1	3761669	1	370970.6	3761672	1	0	2	4	240475.3	0	0	0	0	0	0	0
G1	370970.6	3761672	1	370951.0	3761677	1	0	2	4	240388.4	0	0	0	0	0	0	0
G1	371330.9	3761625	1	371357.1	3761629	1	0	2	4	239558.4	0	0	0	0	0	0	0
G1	371357.1	3761629	1	371396.2	3761639	1	0	2	4	239482.1	0	0	0	0	0	0	0
G1	371396.2	3761639	1	371462.5	3761657	1	0	2	4	239524.1	0	0	0	0	0	0	0
G1	371505.4	3761686	1	371491.6	3761682	1	0	2	4	239394.4	0	0	0	0	0	0	0
G1	371321.6	3760844	1	371337.8	3760820	1	0	2	4	235356.6	0	0	0	0	0	0	0
G1	371347.4	3760762	1	371336.0	3760777	1	0	2	4	235672.7	0	0	0	0	0	0	0
G1	371343.0	3760812	1	371337.8	3760820	1	0	2	4	235470.3	0	0	0	0	0	0	0
G1	370737.5	3761705	1	370741.8	3761705	1	0	2	4	240034.3	0	0	0	0	0	0	0
G1	370906.8	3761653	1	370923.4	3761652	1	0	2	4	240181.3	0	0	0	0	0	0	0
G1	370923.4	3761652	1	370947.3	3761652	1	0	2	4	240324.2	0	0	0	0	0	0	0
G1	371454.5	3761670	1	371408.6	3761657	1	0	2	4	239661.0	0	0	0	0	0	0	0
G1	371408.6	3761657	1	371368.9	3761647	1	0	2	4	239662.3	0	0	0	0	0	0	0
G1	371368.9	3761647	1	371323.8	3761638	1	0	2	4	239517.4	0	0	0	0	0	0	0
G1	371097.4	3761637	1	371104.4	3761636	1	0	2	4	240670.6	0	0	0	0	0	0	0
G1	372034.2	3760339	1	372003.1	3760354	1	0	2	4	242074.9	0	0	0	0	0	0	0
G1	372003.1	3760354	1	371767.8	3760491	1	0	2	4	240220.8	0	0	0	0	0	0	0
G1	371767.8	3760491	1	371702.0	3760532	1	0	2	4	238318.5	0	0	0	0	0	0	0
G1	370276.7	3761752	1	370326.7	3761745	1	0	2	4	233633.2	0	0	0	0	0	0	0
G1	370715.1	3761747	1	370732.0	3761719	1	0	2	4	240145.9	0	0	0	0	0	0	0
G1	370732.0	3761719	1	370738.8	3761709	1	0	2	4	240139.4	0	0	0	0	0	0	0
G1	370852.2	3761681	1	370844.4	3761682	1	0	2	4	240009.1	0	0	0	0	0	0	0
G1	370844.4	3761682	1	370841.1	3761683	1	0	2	4	239987.9	0	0	0	0	0	0	0
G1	371147.8	3761114	1	371156.8	3761100	1	0	2	4	237023.7	0	0	0	0	0	0	0
G1	371549.7	3761678	1	371582.8	3761688	1	0	2	4	239471.4	0	0	0	0	0	0	0
G1	371582.8	3761688	1	371605.7	3761696	1	0	2	4	239554.4	0	0	0	0	0	0	0
G1	371605.7	3761696	1	371621.9	3761705	1	0	2	4	239064.4	0	0	0	0	0	0	0
G1	371621.9	3761705	1	371636.6	3761718	1	0	2	4	239081.6	0	0	0	0	0	0	0
G1	371607.3	3761719	1	371599.3	3761715	1	0	2	4	239344.8	0	0	0	0	0	0	0
G1	371286.3	3761621	1	371290.4	3761621	1	0	2	4	239563.9	0	0	0	0	0	0	0
G1	371290.4	3761621	1	371330.9	3761625	1	0	2	4	239657.7	0	0	0	0	0	0	0
G1	371156.8	3761100	1	371173.1	3761074	1	0	2	4	236995.3	0	0	0	0	0	0	0
G1	371491.6	3761682	1	371454.5	3761670	1	0	2	4	239620.3	0	0	0	0	0	0	0
G1	370326.7	3761745	1	370339.7	3761744	1	0	2	4	233662.5	0	0	0	0	0	0	0
G1	370339.7	3761744	1	370457.8	3761740	1	0	2	4	238479.3	0	0	0	0	0	0	0
G1	370738.8	3761709	1	370741.8	3761705	1	0	2	4	240033.9	0	0	0	0	0	0	0
G1	371106.4	3761133	1	371135.5	3761088	1	0	2	4	236910.3	0	0	0	0	0	0	0
G1	371092.2	3761648	1	371052.7	3761653	1	0	2	4	240626.4	0	0	0	0	0	0	0
G1	370752.1	3761702	1	370774.6	3761698	1	0	2	4	240122.1	0	0	0	0	0	0	0
G1	370838.6	3761663	1	370852.5	3761661	1	0	2	4	240033.7	0	0	0	0	0	0	0
G1	370743.2	3761747	1	370760.3	3761721	1	0	2	4	240161.3	0	0	0	0	0	0	0
G1	370760.3	3761721	1	370762.3	3761717	1	0	2	4	240217.7	0	0	0	0	0	0	0
G1	370770.6	3761704	1	370774.6	3761698	1	0	2	4	240152.2	0	0	0	0	0	0	0
G1	370783.1	3761695	1	370797.0	3761692	1	0	2	4	240052.5	0	0	0	0	0	0	0
G1	371048.9	3761221	1	371106.4	3761133	1	0	2	4	237072.0	0	0	0	0	0	0	0
G1	370817.7	3761629	1	370876.8	3761540	1	0	2	4	239936.2	0	0	0	0	0	0	0
G1	370876.8	3761540	1	370897.1	3761506	1	0	2	4	240089.2	0	0	0	0	0	0	0
G1	370897.1	3761506	1	370956.5	3761417	1	0	2	4	240099.3	0	0	0	0	0	0	0
G1	370956.5	3761417	1	370975.1	3761386	1	0	2	4	239560.3	0	0	0	0	0	0	0
G1	370690.7	3761687	1	370715.0	3761683	1	0	2	4	238542.9	0	0	0	0	0	0	0
G1	370116.1	3761766	1	370066.6	3761765	1	0	2	4	233935.8	0	0	0	0	0	0	0
G1	370066.6	3761765	1	370034.1	3761763	1	0	2	4	233905.6	0	0	0	0	0	0	0
G1	370034.1	3761763	1	369973.7	3761756	1	0	2	4	233842.7	0	0	0	0	0	0	0
G1	370205.4	3761736	1	370265.8	3761732	1	0	2	4	233625.9	0	0	0	0	0	0	0
G1	370265.8	3761732	1	370316.8	3761727	1	0	2	4	233642.2	0	0	0	0	0	0	0
G1	370690.7	3761687	1	370636.0	3761694	1	0	2	4	239283.1	0	0	0	0	0	0	0
G1	370636.0	3761694	1	370616.3	3761698	1	0	2	4	238583.6	0	0	0	0	0	0	0
G1	370797.0	3761692	1	370814.1	3761688	1	0	2	4	240111.6	0	0	0	0	0	0	0
G1	371471.5	3760680	1	371443.1	3760702	1	0	2	4	236685.7	0	0	0	0	0	0	0
G1	371443.1	3760702	1	371421.1	3760722	1	0	2	4	236383.7	0	0	0	0	0	0	0
G1	371421.1	3760722	1	371395.2	3760747	1	0	2	4	236170.6	0	0	0	0	0	0	0
G1	371395.2	3760747	1	371375.1	3760770	1	0	2	4	235766.5	0	0	0	0	0	0	0
G1	371375.1	3760770	1	371357.5	3760793	1	0	2	4	235630.5	0	0	0	0	0	0	0
G1	370868.7	3761658	1	370852.5	3761661	1	0	2	4	240111.6	0	0	0	0	0	0	0
G1	371272.7	3760874	1	371285.5	3760852	1	0	2	4	234984.5	0	0	0	0	0	0	0
G1	371323.8	3761638	1	371273.2	3761634	1	0	2	4	239535.9	0	0	0	0	0	0	0
G1	371090.9	3761638	1	371097.4	3761637	1	0	2	4	240643.0	0	0	0	0	0	0	0
G1	371462.5	3761657	1	371501.8	3761666	1	0	2	4	239637.8	0	0	0	0	0	0	0
G1	370774.6	3761698	1	370777.9	3761697	1	0	2	4	239999.6	0	0	0	0	0	0	0
G1	371252.8	3760903	1	371261.7	3760890	1	0	2	4	234893.4	0	0	0	0	0	0	0
G1	371261.7	3760890	1	371272.7	3760874	1	0	2	4	234966.7	0	0	0	0	0	0	0
G1	371298.4	3760827	1	371294.0	3760838	1	0	2	4	235050.6	0	0	0	0	0	0	0
G1	371079.3	3761219	1	371124.1	3761150	1	0	2	4	237256.9	0	0	0	0	0	0	0
G1	371357.5	3760793	1	371347.9	3760805	1	0	2	4	235564.3	0	0	0	0	0	0	0
G1	370975.1	3761386	1	371009.0	3761329	1	0	2	4	238953.7	0	0	0	0	0	0	0
G1	371009.0	3761329	1	371027.5	3761298	1	0	2	4	237301.4	0	0	0	0	0	0	0
G1	371027.5	3761298	1	371037.8	3761282	1	0	2	4	237346.1	0	0	0	0	0	0	0
G1	371037.8	3761282	1	371059.2	3761250	1	0	2	4	237472.8	0	0	0	0	0	0	0
G1	371059.2	3761250	1	371079.3	3761219	1	0	2	4	237575.4	0	0	0	0	0	0	0
G1	370792.9	3761668	1	370829.7	3761664	1	0	2	4	240044.7	0	0	0	0	0	0	0
G1	371177.9	3761067	1	371183.4	3761058	1	0	2	4	237113.3	0	0	0	0	0	0	0
G1	370788.9	3761629	1	370858.5	3761522	1	0	2	4	239747.7	0	0	0	0	0	0	0
G1	370858.5	3761522	1	370878.1	3761488	1	0	2	4	240033.9	0	0	0	0	0	0	0
G1	370878.1	3761488	1	370945.3	3761386	1	0	2	4	238559.6	0	0	0	0	0	0	0
G1	370945.3	3761386	1	370952.0	3761376	1	0	2	4	238779.5	0	0	0	0	0	0	0
G1	370783.1	3761695	1	370777.9	3761697	1	0	2	4	240016.1	0	0	0	0	0	0	0
G1	370890.9	3761656	1	370906.8	3761653	1	0	2	4	240119.7	0	0	0	0	0	0	0
G1	371501.8	3761666	1	371517.4	3761669	1	0	2	4	239482.8	0	0	0	0	0	0	0
G1	371702.0	3760532	1	371603.0	3760595	1	0	2	4	237438.6	0	0	0	0	0	0	0
G1	371603.0	3760595	1	371553.9	3760625	1	0	2	4	237940.8	0	0	0	0	0	0	0
G1	371553.9	3760625	1	371502.6	3760656	1	0	2	4	237490.5	0	0	0	0	0	0	0
G1	371502.6	3760656	1	371471.5	3760680	1	0	2	4	237144.8	0	0	0	0	0	0	0
G1	370910.1	3761677	1	370903.7	3761677	1	0	2	4	240203.3	0	0	0	0	0	0	0
G1	370903.7	3761677	1	370892.2	3761677	1	0	2	4	240171.9	0	0	0	0	0	0	0
G1	371688.8	3760515	1	371635.5	3760542	1	0	2	4	237444.6	0	0	0	0	0	0	0
G1	371635.5	3760542	1	371495.6	3760623	1	0	2	4	238006.5	0	0	0	0	0	0	0
G1	371495.6	3760623	1	371460.8	3760648	1	0	2	4	237205.5	0	0	0	0	0	0	0
G1	371460.8	3760648	1	371434.9	3760668	1	0	2	4	236925.1	0	0	0	0	0	0	0
G1	371434.9	3760668	1	371410.9	3760694	1	0	2	4	236495.8	0	0	0	0	0	0	0
G1	371410.9	3760694	1	371371.6	3760738	1	0	2	4	235848.4	0	0	0	0	0	0	0
G1	371371.6	3760738	1	371347.4	3760762	1	0	2	4	235624.7	0	0	0	0	0	0	0
G1	371660.9	3761780	1	371659.9	3761774	1	0	2	4	238934.4	0	0	0	0	0	0	0
G1	371659.9	3761774	1	371655.8	3761766	1	0	2	4	238960.0	0	0	0	0	0	0	0
G1	371655.8	3761766	1	371647.5	3761753	1	0	2	4	238985.0	0	0	0	0	0	0	0
G1	371647.5	3761753	1	371636.8	3761740	1	0	2	4	239038.7	0	0	0	0	0	0	0
G1	371636.8	3761740	1	371622.9	3761728	1	0	2	4	239045.4	0	0	0	0	0	0	0
G1	371622.9	3761728	1	371607.3	3761719	1	0	2	4	238969.4	0	0	0	0	0	0	0
G1	370783.6	3761683	1	370792.9	3761668	1	0	2	4	239948.3	0	0	0	0	0	0	0
G1	371135.5	3761088	1	371164.1	3761044	1	0	2	4	236912.8	0	0	0	0	0	0	0
G1	370951.0	3761677	1	370929.0	3761677	1	0	2	4	240310.0	0	0	0	0	0	0	0
G1	370764.3	3761669	1	370776.7	3761648	1	0	2	4	239411.0	0	0	0	0	0	0	0
G1	370776.7	3761648	1	370782.9	3761638	1	0	2	4	239953.2	0	0	0	0	0	0	0
G1	370782.9	3761638	1	370788.9	3761629	1	0	2	4	239988.9	0	0	0	0	0	0	0
G1	371164.1	3761044	1	371166.3	3761041	1	0	2	4	237016.9	0	0	0	0	0	0	0
G1	371166.3	3761041	1	371168.6	3761037	1	0	2	4	237031.9	0	0	0	0	0	0	0
G1	370774.6	3761698	1	370778.3	3761692	1	0	2	4	240004.3	0	0	0	0	0	0	0
G1	371599.3	3761715	1	371548.7	3761698	1	0	2	4	239264.6	0	0	0	0	0	0	0
G1	371124.1	3761150	1	371147.8	3761114	1	0	2	4	237026.1	0	0	0	0	0	0	0
G1	371173.1	3761074	1	371177.9	3761067	1	0	2	4	237068.4	0	0	0	0	0	0	0
G1	370347.4	3761725	1	370448.5	3761716	1	0	2	4	238496.1	0	0	0	0	0	0	0
G1	370448.5	3761716	1	370456.0	3761715	1	0	2	4	238395.7	0	0	0	0	0	0	0
G1	370456.0	3761715	1	370466.2	3761714	1	0	2	4	238208.1	0	0	0	0	0	0	0
G1	370466.2	3761714	1	370569.9	3761702	1	0	2	4	238268.2	0	0	0	0	0	0	0
G1	370569.9	3761702	1	370616.3	3761698	1	0	2	4	238682.0	0	0	0	0	0	0	0
G1	371194.8	3760997	1	371252.8	3760903	1	0	2	4	234536.5	0	0	0	0	0	0	0
G1	370747.4	3761696	1	370750.6	3761691	1	0	2	4	240082.8	0	0	0	0	0	0	0
G1	370750.6	3761691	1	370755.1	3761683	1	0	2	4	240105.5	0	0	0	0	0	0	0
G1	370198.8	3761763	1	370116.1	3761766	1	0	2	4	233981.4	0	0	0	0	0	0	0
G1	372024.0	3760319	1	371830.4	3760433	1	0	2	4	240889.7	0	0	0	0	0	0	0
G1	371830.4	3760433	1	371688.8	3760515	1	0	2	4	238666.5	0	0	0	0	0	0	0
G1	371517.4	3761669	1	371530.5	3761673	1	0	2	4	239533.5	0	0	0	0	0	0	0
G1	371530.5	3761673	1	371549.7	3761678	1	0	2	4	239408.4	0	0	0	0	0	0	0
G1	370929.0	3761677	1	370910.1	3761677	1	0	2	4	240247.5	0	0	0	0	0	0	0
G1	371104.4	3761636	1	371122.7	3761634	1	0	2	4	240723.2	0	0	0	0	0	0	0
G1	371122.7	3761634	1	371148.2	3761630	1	0	2	4	240835.4	0	0	0	0	0	0	0
G1	371148.2	3761630	1	371204.1	3761623	1	0	2	4	241028.5	0	0	0	0	0	0	0
G1	371204.1	3761623	1	371243.8	3761621	1	0	2	4	240998.1	0	0	0	0	0	0	0
G1	370316.8	3761727	1	370347.4	3761725	1	0	2	4	233528.0	0	0	0	0	0	0	0
G1	371336.0	3760777	1	371328.5	3760788	1	0	2	4	235602.8	0	0	0	0	0	0	0
G1	370741.8	3761705	1	370752.1	3761702	1	0	2	4	240061.1	0	0	0	0	0	0	0
G1	371636.6	3761718	1	371655.2	3761738	1	0	2	4	239045.6	0	0	0	0	0	0	0
G1	371655.2	3761738	1	371665.6	3761752	1	0	2	4	239026.4	0	0	0	0	0	0	0
G1	371665.6	3761752	1	371672.4	3761763	1	0	2	4	239063.9	0	0	0	0	0	0	0
G1	371672.4	3761763	1	371680.2	3761782	1	0	2	4	239021.4	0	0	0	0	0	0	0
G1	370276.7	3761752	1	370198.8	3761763	1	0	2	4	233867.3	0	0	0	0	0	0	0
G1	371328.5	3760788	1	371298.4	3760827	1	0	2	4	235258.3	0	0	0	0	0	0	0
G1	370732.6	3761682	1	370748.3	3761678	1	0	2	4	239275.7	0	0	0	0	0	0	0
G1	370947.3	3761652	1	370968.7	3761651	1	0	2	4	240407.4	0	0	0	0	0	0	0
G1	370759.7	3761676	1	370764.3	3761669	1	0	2	4	239361.4	0	0	0	0	0	0	0
G1	371273.2	3761634	1	371234.8	3761633	1	0	2	4	241018.5	0	0	0	0	0	0	0
G1	371234.8	3761633	1	371187.5	3761635	1	0	2	4	240993.2	0	0	0	0	0	0	0
G1	370762.3	3761717	1	370770.6	3761704	1	0	2	4	240115.9	0	0	0	0	0	0	0
G1	370759.7	3761676	1	370769.9	3761673	1	0	2	4	239368.3	0	0	0	0	0	0	0
G1	372063.5	3760323	1	372034.2	3760339	1	0	2	4	241615.1	0	0	0	0	0	0	0
G1	370968.7	3761651	1	370973.9	3761651	1	0	2	4	240456.2	0	0	0	0	0	0	0
G1	370973.9	3761651	1	370977.9	3761651	1	0	2	4	240546.1	0	0	0	0	0	0	0
G1	370977.9	3761651	1	370984.0	3761651	1	0	2	4	240564.5	0	0	0	0	0	0	0
G1	370984.0	3761651	1	370993.5	3761651	1	0	2	4	240593.2	0	0	0	0	0	0	0
G1	370993.5	3761651	1	370999.5	3761650	1	0	2	4	240622.7	0	0	0	0	0	0	0
G1	370999.5	3761650	1	371032.5	3761646	1	0	2	4	240597.8	0	0	0	0	0	0	0
G1	371032.5	3761646	1	371066.9	3761641	1	0	2	4	240732.4	0	0	0	0	0	0	0
G1	371066.9	3761641	1	371076.0	3761640	1	0	2	4	240647.8	0	0	0	0	0	0	0
G1	371076.0	3761640	1	371078.9	3761640	1	0	2	4	240672.4	0	0	0	0	0	0	0
G1	371078.9	3761640	1	371090.9	3761638	1	0	2	4	240703.2	0	0	0	0	0	0	0
G1	370890.9	3761656	1	370881.9	3761657	1	0	2	4	240210.0	0	0	0	0	0	0	0
G1	370881.9	3761657	1	370868.7	3761658	1	0	2	4	240167.8	0	0	0	0	0	0	0
G1	370792.9	3761668	1	370797.8	3761660	1	0	2	4	239991.4	0	0	0	0	0	0	0
G1	370797.8	3761660	1	370803.8	3761650	1	0	2	4	240012.2	0	0	0	0	0	0	0
G1	370803.8	3761650	1	370809.7	3761642	1	0	2	4	240047.5	0	0	0	0	0	0	0
G1	370809.7	3761642	1	370817.7	3761629	1	0	2	4	239957.4	0	0	0	0	0	0	0
G1	371183.4	3761058	1	371211.5	3761014	1	0	2	4	237247.1	0	0	0	0	0	0	0
G1	371211.5	3761014	1	371261.9	3760935	1	0	2	4	235852.7	0	0	0	0	0	0	0
G1	372039.4	3760310	1	372024.0	3760319	1	0	2	4	241512.4	0	0	0	0	0	0	0
G1	371261.9	3760935	1	371302.8	3760872	1	0	2	4	234804.7	0	0	0	0	0	0	0
G1	371302.8	3760872	1	371321.6	3760844	1	0	2	4	235173.2	0	0	0	0	0	0	0
G1	370769.9	3761673	1	370792.9	3761668	1	0	2	4	239932.2	0	0	0	0	0	0	0
G1	371105.5	3761646	1	371098.5	3761647	1	0	2	4	240648.3	0	0	0	0	0	0	0
G1	371168.6	3761037	1	371171.3	3761033	1	0	2	4	237066.4	0	0	0	0	0	0	0
G1	371171.3	3761033	1	371175.1	3761027	1	0	2	4	237088.4	0	0	0	0	0	0	0
G1	371175.1	3761027	1	371182.1	3761016	1	0	2	4	237124.9	0	0	0	0	0	0	0
G1	371182.1	3761016	1	371194.8	3760997	1	0	2	4	237113.1	0	0	0	0	0	0	0
G1	370892.2	3761677	1	370867.8	3761679	1	0	2	4	240146.1	0	0	0	0	0	0	0
G1	370867.8	3761679	1	370852.2	3761681	1	0	2	4	240072.8	0	0	0	0	0	0	0
G1	370755.1	3761683	1	370759.7	3761676	1	0	2	4	239334.9	0	0	0	0	0	0	0
G1	371004.9	3761289	1	371008.7	3761282	1	0	2	4	237202.1	0	0	0	0	0	0	0
G1	371008.7	3761282	1	371041.4	3761233	1	0	2	4	237216.8	0	0	0	0	0	0	0
G1	371041.4	3761233	1	371048.9	3761221	1	0	2	4	237437.9	0	0	0	0	0	0	0
G1	371343.0	3760812	1	371347.9	3760805	1	0	2	4	235509.7	0	0	0	0	0	0	0
G1	370701.1	3761711	1	370737.5	3761705	1	0	2	4	240032.0	0	0	0	0	0	0	0
G1	372052.8	3766781	1	372104.3	3766817	1	0	2	4	217730.2	0	0	0	0	0	0	0
G1	372104.3	3766817	1	372152.7	3766851	1	0	2	4	218456.9	0	0	0	0	0	0	0
G1	372152.7	3766851	1	372207.6	3766888	1	0	2	4	219146.3	0	0	0	0	0	0	0
G1	372207.6	3766888	1	372248.2	3766914	1	0	2	4	219782.2	0	0	0	0	0	0	0
G1	372248.2	3766914	1	372331.5	3766974	1	0	2	4	220473.2	0	0	0	0	0	0	0
G1	372331.5	3766974	1	372382.8	3767008	1	0	2	4	219629.2	0	0	0	0	0	0	0
G1	373042.1	3767069	1	373070.0	3767061	1	0	2	4	229558.5	0	0	0	0	0	0	0
G1	373070.0	3767061	1	373241.6	3767014	1	0	2	4	230955.5	0	0	0	0	0	0	0
G1	373241.6	3767014	1	373284.6	3767002	1	0	2	4	231839.6	0	0	0	0	0	0	0
G1	373380.4	3759212	1	373393.7	3759166	1	0	2	4	261646.0	0	0	0	0	0	0	0
G1	373393.7	3759166	1	373407.8	3759117	1	0	2	4	261471.1	0	0	0	0	0	0	0
G1	373407.8	3759117	1	373419.3	3759070	1	0	2	4	261537.8	0	0	0	0	0	0	0
G1	373366.6	3759173	1	373346.3	3759276	1	0	2	4	261892.8	0	0	0	0	0	0	0
G1	373346.3	3759276	1	373340.5	3759296	1	0	2	4	261724.3	0	0	0	0	0	0	0
G1	373392.5	3759073	1	373374.2	3759144	1	0	2	4	261445.2	0	0	0	0	0	0	0
G1	373374.2	3759144	1	373370.7	3759159	1	0	2	4	261329.6	0	0	0	0	0	0	0
G1	373370.7	3759159	1	373366.6	3759173	1	0	2	4	261387.2	0	0	0	0	0	0	0
G1	373349.0	3759317	1	373357.9	3759293	1	0	2	4	262391.6	0	0	0	0	0	0	0
G1	373357.9	3759293	1	373367.1	3759264	1	0	2	4	262230.8	0	0	0	0	0	0	0
G1	373367.1	3759264	1	373373.8	3759238	1	0	2	4	261980.7	0	0	0	0	0	0	0
G1	373373.8	3759238	1	373380.4	3759212	1	0	2	4	261963.5	0	0	0	0	0	0	0
G1	372312.7	3760146	1	372275.0	3760173	1	0	2	4	245068.5	0	0	0	0	0	0	0
G1	372275.0	3760173	1	372198.9	3760217	1	0	2	4	244276.4	0	0	0	0	0	0	0
G1	372699.2	3759876	1	372693.2	3759880	1	0	2	4	245901.0	0	0	0	0	0	0	0
G1	373240.4	3759493	1	373230.0	3759508	1	0	2	4	264019.0	0	0	0	0	0	0	0
G1	373230.0	3759508	1	373217.9	3759522	1	0	2	4	264060.6	0	0	0	0	0	0	0
G1	373217.9	3759522	1	373205.8	3759533	1	0	2	4	264153.0	0	0	0	0	0	0	0
G1	373205.8	3759533	1	373188.6	3759551	1	0	2	4	263937.0	0	0	0	0	0	0	0
G1	373188.6	3759551	1	373167.6	3759570	1	0	2	4	264057.6	0	0	0	0	0	0	0
G1	373167.6	3759570	1	373129.1	3759602	1	0	2	4	262715.9	0	0	0	0	0	0	0
G1	373129.1	3759602	1	373108.2	3759617	1	0	2	4	262753.7	0	0	0	0	0	0	0
G1	373108.2	3759617	1	372999.8	3759688	1	0	2	4	262687.2	0	0	0	0	0	0	0
G1	372999.8	3759688	1	372971.6	3759705	1	0	2	4	263247.0	0	0	0	0	0	0	0
G1	372707.0	3759897	1	372715.1	3759891	1	0	2	4	245958.8	0	0	0	0	0	0	0
G1	372241.6	3760216	1	372160.0	3760262	1	0	2	4	243594.2	0	0	0	0	0	0	0
G1	372833.9	3759814	1	372897.2	3759769	1	0	2	4	264161.2	0	0	0	0	0	0	0
G1	372897.2	3759769	1	372975.5	3759723	1	0	2	4	264255.7	0	0	0	0	0	0	0
G1	372975.5	3759723	1	373039.9	3759680	1	0	2	4	262570.3	0	0	0	0	0	0	0
G1	372467.1	3760037	1	372402.9	3760085	1	0	2	4	246608.2	0	0	0	0	0	0	0
G1	372402.9	3760085	1	372342.0	3760127	1	0	2	4	246034.5	0	0	0	0	0	0	0
G1	373268.5	3759448	1	373255.2	3759472	1	0	2	4	264166.0	0	0	0	0	0	0	0
G1	373255.2	3759472	1	373240.4	3759493	1	0	2	4	264271.3	0	0	0	0	0	0	0
G1	372564.4	3759997	1	372598.4	3759969	1	0	2	4	244628.9	0	0	0	0	0	0	0
G1	372598.4	3759969	1	372630.4	3759946	1	0	2	4	245088.7	0	0	0	0	0	0	0
G1	372630.4	3759946	1	372677.1	3759915	1	0	2	4	245509.0	0	0	0	0	0	0	0
G1	372677.1	3759915	1	372685.7	3759910	1	0	2	4	245667.9	0	0	0	0	0	0	0
G1	372685.7	3759910	1	372700.5	3759901	1	0	2	4	246066.4	0	0	0	0	0	0	0
G1	372700.5	3759901	1	372703.8	3759899	1	0	2	4	246116.0	0	0	0	0	0	0	0
G1	373039.9	3759680	1	373117.8	3759630	1	0	2	4	262780.7	0	0	0	0	0	0	0
G1	373117.8	3759630	1	373151.3	3759605	1	0	2	4	263001.0	0	0	0	0	0	0	0
G1	373151.3	3759605	1	373188.8	3759572	1	0	2	4	264309.2	0	0	0	0	0	0	0
G1	373188.8	3759572	1	373215.5	3759546	1	0	2	4	264312.3	0	0	0	0	0	0	0
G1	373215.5	3759546	1	373228.9	3759530	1	0	2	4	264242.5	0	0	0	0	0	0	0
G1	372467.1	3760037	1	372553.9	3759975	1	0	2	4	243923.5	0	0	0	0	0	0	0
G1	372553.9	3759975	1	372588.9	3759949	1	0	2	4	244613.4	0	0	0	0	0	0	0
G1	372588.9	3759949	1	372684.5	3759885	1	0	2	4	245150.2	0	0	0	0	0	0	0
G1	373228.9	3759530	1	373241.1	3759518	1	0	2	4	264210.6	0	0	0	0	0	0	0
G1	372715.1	3759891	1	372833.9	3759814	1	0	2	4	264159.7	0	0	0	0	0	0	0
G1	372322.3	3760164	1	372417.9	3760098	1	0	2	4	246080.0	0	0	0	0	0	0	0
G1	372417.9	3760098	1	372439.6	3760082	1	0	2	4	246705.6	0	0	0	0	0	0	0
G1	372439.6	3760082	1	372526.2	3760021	1	0	2	4	243416.6	0	0	0	0	0	0	0
G1	372526.2	3760021	1	372564.4	3759997	1	0	2	4	244223.5	0	0	0	0	0	0	0
G1	373340.7	3759341	1	373349.0	3759317	1	0	2	4	262175.9	0	0	0	0	0	0	0
G1	372160.0	3760262	1	372063.5	3760323	1	0	2	4	241824.0	0	0	0	0	0	0	0
G1	373241.1	3759518	1	373251.6	3759505	1	0	2	4	264552.6	0	0	0	0	0	0	0
G1	373251.6	3759505	1	373258.8	3759496	1	0	2	4	264520.9	0	0	0	0	0	0	0
G1	373258.8	3759496	1	373300.2	3759439	1	0	2	4	264453.8	0	0	0	0	0	0	0
G1	373300.2	3759439	1	373318.9	3759399	1	0	2	4	264234.6	0	0	0	0	0	0	0
G1	373318.9	3759399	1	373323.3	3759387	1	0	2	4	264507.8	0	0	0	0	0	0	0
G1	373323.3	3759387	1	373337.6	3759350	1	0	2	4	264390.6	0	0	0	0	0	0	0
G1	373337.6	3759350	1	373340.7	3759341	1	0	2	4	262239.9	0	0	0	0	0	0	0
G1	372693.2	3759880	1	372689.0	3759882	1	0	2	4	245872.8	0	0	0	0	0	0	0
G1	372322.3	3760164	1	372288.9	3760184	1	0	2	4	245232.9	0	0	0	0	0	0	0
G1	372288.9	3760184	1	372241.6	3760216	1	0	2	4	244413.2	0	0	0	0	0	0	0
G1	372703.8	3759899	1	372707.0	3759897	1	0	2	4	246134.1	0	0	0	0	0	0	0
G1	372342.0	3760127	1	372312.7	3760146	1	0	2	4	245641.8	0	0	0	0	0	0	0
G1	373340.5	3759296	1	373312.0	3759368	1	0	2	4	262136.2	0	0	0	0	0	0	0
G1	373312.0	3759368	1	373297.2	3759399	1	0	2	4	264072.9	0	0	0	0	0	0	0
G1	373297.2	3759399	1	373268.5	3759448	1	0	2	4	264184.4	0	0	0	0	0	0	0
G1	372684.5	3759885	1	372689.0	3759882	1	0	2	4	245622.5	0	0	0	0	0	0	0
G1	372198.9	3760217	1	372150.8	3760245	1	0	2	4	243036.6	0	0	0	0	0	0	0
G1	372971.6	3759705	1	372878.2	3759762	1	0	2	4	264159.1	0	0	0	0	0	0	0
G1	372878.2	3759762	1	372841.9	3759785	1	0	2	4	263867.8	0	0	0	0	0	0	0
G1	372841.9	3759785	1	372756.6	3759837	1	0	2	4	263954.2	0	0	0	0	0	0	0
G1	372756.6	3759837	1	372701.0	3759874	1	0	2	4	263857.3	0	0	0	0	0	0	0
G1	372701.0	3759874	1	372699.2	3759876	1	0	2	4	245922.7	0	0	0	0	0	0	0
G1	372150.8	3760245	1	372039.4	3760310	1	0	2	4	241655.2	0	0	0	0	0	0	0
G1	372839.3	3767097	1	372796.4	3767101	1	0	2	4	227350.4	0	0	0	0	0	0	0
G1	372968.9	3767090	1	373017.2	3767076	1	0	2	4	228350.6	0	0	0	0	0	0	0
G1	372317.8	3766938	1	372286.1	3766917	1	0	2	4	220099.9	0	0	0	0	0	0	0
G1	372454.3	3767025	1	372421.2	3767004	1	0	2	4	220818.4	0	0	0	0	0	0	0
G1	372848.1	3767097	1	372843.1	3767097	1	0	2	4	227706.3	0	0	0	0	0	0	0
G1	372939.9	3767076	1	372992.5	3767061	1	0	2	4	228030.9	0	0	0	0	0	0	0
G1	372843.1	3767097	1	372839.3	3767097	1	0	2	4	227638.9	0	0	0	0	0	0	0
G1	372689.6	3767119	1	372633.1	3767115	1	0	2	4	224856.6	0	0	0	0	0	0	0
G1	372633.1	3767115	1	372588.8	3767104	1	0	2	4	224101.5	0	0	0	0	0	0	0
G1	372588.8	3767104	1	372533.2	3767086	1	0	2	4	224695.6	0	0	0	0	0	0	0
G1	372540.7	3767065	1	372519.8	3767057	1	0	2	4	224223.5	0	0	0	0	0	0	0
G1	372689.6	3767119	1	372751.2	3767121	1	0	2	4	225896.0	0	0	0	0	0	0	0
G1	372751.2	3767121	1	372807.4	3767120	1	0	2	4	226892.6	0	0	0	0	0	0	0
G1	372807.4	3767120	1	372843.0	3767118	1	0	2	4	227348.6	0	0	0	0	0	0	0
G1	372556.0	3767071	1	372540.7	3767065	1	0	2	4	224580.8	0	0	0	0	0	0	0
G1	372421.2	3767004	1	372317.8	3766938	1	0	2	4	219864.5	0	0	0	0	0	0	0
G1	372533.2	3767086	1	372511.9	3767076	1	0	2	4	224044.3	0	0	0	0	0	0	0
G1	372846.9	3767118	1	372881.1	3767111	1	0	2	4	227952.2	0	0	0	0	0	0	0
G1	372881.1	3767111	1	372909.9	3767105	1	0	2	4	228486.7	0	0	0	0	0	0	0
G1	372909.9	3767105	1	372968.9	3767090	1	0	2	4	228344.8	0	0	0	0	0	0	0
G1	372286.1	3766917	1	372166.3	3766833	1	0	2	4	219801.2	0	0	0	0	0	0	0
G1	372519.8	3767057	1	372491.2	3767045	1	0	2	4	223862.1	0	0	0	0	0	0	0
G1	372491.2	3767045	1	372463.7	3767031	1	0	2	4	221433.2	0	0	0	0	0	0	0
G1	372463.7	3767031	1	372454.3	3767025	1	0	2	4	221095.3	0	0	0	0	0	0	0
G1	372843.0	3767118	1	372846.9	3767118	1	0	2	4	227652.5	0	0	0	0	0	0	0
G1	372902.2	3767086	1	372939.9	3767076	1	0	2	4	228122.6	0	0	0	0	0	0	0
G1	373017.2	3767076	1	373042.1	3767069	1	0	2	4	229134.8	0	0	0	0	0	0	0
G1	372796.4	3767101	1	372769.7	3767103	1	0	2	4	226990.8	0	0	0	0	0	0	0
G1	372769.7	3767103	1	372753.8	3767103	1	0	2	4	226664.7	0	0	0	0	0	0	0
G1	372753.8	3767103	1	372728.3	3767103	1	0	2	4	226250.7	0	0	0	0	0	0	0
G1	372728.3	3767103	1	372682.8	3767100	1	0	2	4	225630.4	0	0	0	0	0	0	0
G1	372682.8	3767100	1	372644.9	3767094	1	0	2	4	224952.5	0	0	0	0	0	0	0
G1	372644.9	3767094	1	372589.0	3767081	1	0	2	4	224209.6	0	0	0	0	0	0	0
G1	372589.0	3767081	1	372556.0	3767071	1	0	2	4	224928.5	0	0	0	0	0	0	0
G1	372902.2	3767086	1	372868.8	3767093	1	0	2	4	228370.7	0	0	0	0	0	0	0
G1	372868.8	3767093	1	372863.5	3767094	1	0	2	4	228064.7	0	0	0	0	0	0	0
G1	372863.5	3767094	1	372848.1	3767097	1	0	2	4	227866.3	0	0	0	0	0	0	0
G1	373019.6	3767054	1	372992.5	3767061	1	0	2	4	228878.8	0	0	0	0	0	0	0
G1	372511.9	3767076	1	372494.7	3767069	1	0	2	4	223762.7	0	0	0	0	0	0	0
G1	372494.7	3767069	1	372445.4	3767043	1	0	2	4	223300.8	0	0	0	0	0	0	0
G1	372445.4	3767043	1	372382.8	3767008	1	0	2	4	220417.1	0	0	0	0	0	0	0
G1	373273.3	3766985	1	373234.9	3766996	1	0	2	4	232768.8	0	0	0	0	0	0	0
G1	373234.9	3766996	1	373072.6	3767040	1	0	2	4	231020.1	0	0	0	0	0	0	0
G1	373072.6	3767040	1	373019.6	3767054	1	0	2	4	229471.5	0	0	0	0	0	0	0
G1	373580.4	3766898	1	373572.0	3766901	1	0	2	4	237054.2	0	0	0	0	0	0	0
G1	373572.0	3766901	1	373547.8	3766907	1	0	2	4	236719.7	0	0	0	0	0	0	0
G1	373547.8	3766907	1	373532.3	3766911	1	0	2	4	236349.3	0	0	0	0	0	0	0
G1	373699.5	3766892	1	373719.2	3766885	1	0	2	4	237584.9	0	0	0	0	0	0	0
G1	373719.2	3766885	1	373738.4	3766879	1	0	2	4	237925.0	0	0	0	0	0	0	0
G1	373816.2	3766861	1	373972.0	3766819	1	0	2	4	239802.9	0	0	0	0	0	0	0
G1	373972.0	3766819	1	374081.4	3766790	1	0	2	4	241595.4	0	0	0	0	0	0	0
G1	374081.4	3766790	1	374124.5	3766782	1	0	2	4	243253.5	0	0	0	0	0	0	0
G1	373443.1	3766961	1	373555.1	3766931	1	0	2	4	235355.5	0	0	0	0	0	0	0
G1	373555.1	3766931	1	373581.9	3766924	1	0	2	4	236727.6	0	0	0	0	0	0	0
G1	373350.0	3766984	1	373385.6	3766976	1	0	2	4	232981.9	0	0	0	0	0	0	0
G1	373385.6	3766976	1	373443.1	3766961	1	0	2	4	233909.0	0	0	0	0	0	0	0
G1	373532.3	3766911	1	373443.4	3766938	1	0	2	4	235361.4	0	0	0	0	0	0	0
G1	374246.1	3766737	1	374232.3	3766739	1	0	2	4	246025.3	0	0	0	0	0	0	0
G1	374232.3	3766739	1	374142.7	3766752	1	0	2	4	245123.3	0	0	0	0	0	0	0
G1	374142.7	3766752	1	374089.9	3766761	1	0	2	4	243580.9	0	0	0	0	0	0	0
G1	374089.9	3766761	1	374083.3	3766762	1	0	2	4	243046.1	0	0	0	0	0	0	0
G1	374083.3	3766762	1	374070.9	3766764	1	0	2	4	242843.4	0	0	0	0	0	0	0
G1	373665.5	3766876	1	373580.4	3766898	1	0	2	4	236182.5	0	0	0	0	0	0	0
G1	373681.2	3766871	1	373669.3	3766875	1	0	2	4	237130.2	0	0	0	0	0	0	0
G1	373315.9	3766993	1	373350.0	3766984	1	0	2	4	232482.0	0	0	0	0	0	0	0
G1	373738.4	3766879	1	373816.2	3766861	1	0	2	4	238954.6	0	0	0	0	0	0	0
G1	373443.4	3766938	1	373318.3	3766972	1	0	2	4	233423.0	0	0	0	0	0	0	0
G1	373682.6	3766897	1	373683.7	3766897	1	0	2	4	237067.3	0	0	0	0	0	0	0
G1	373683.7	3766897	1	373684.8	3766896	1	0	2	4	237086.1	0	0	0	0	0	0	0
G1	374124.5	3766782	1	374135.4	3766779	1	0	2	4	243749.2	0	0	0	0	0	0	0
G1	374135.4	3766779	1	374239.0	3766764	1	0	2	4	244980.3	0	0	0	0	0	0	0
G1	374239.0	3766764	1	374254.3	3766763	1	0	2	4	246100.3	0	0	0	0	0	0	0
G1	374070.9	3766764	1	373933.3	3766805	1	0	2	4	241259.0	0	0	0	0	0	0	0
G1	373933.3	3766805	1	373781.1	3766844	1	0	2	4	240097.7	0	0	0	0	0	0	0
G1	373781.1	3766844	1	373731.2	3766858	1	0	2	4	238498.9	0	0	0	0	0	0	0
G1	373731.2	3766858	1	373681.2	3766871	1	0	2	4	237673.1	0	0	0	0	0	0	0
G1	373592.3	3766921	1	373682.6	3766897	1	0	2	4	237092.2	0	0	0	0	0	0	0
G1	373669.3	3766875	1	373665.5	3766876	1	0	2	4	236994.0	0	0	0	0	0	0	0
G1	373318.3	3766972	1	373281.2	3766982	1	0	2	4	231992.9	0	0	0	0	0	0	0
G1	373281.2	3766982	1	373273.3	3766985	1	0	2	4	232271.8	0	0	0	0	0	0	0
G1	373684.8	3766896	1	373688.3	3766895	1	0	2	4	237127.5	0	0	0	0	0	0	0
G1	373688.3	3766895	1	373699.5	3766892	1	0	2	4	237315.5	0	0	0	0	0	0	0
G1	373284.6	3767002	1	373315.9	3766993	1	0	2	4	231810.4	0	0	0	0	0	0	0
G1	373581.9	3766924	1	373592.3	3766921	1	0	2	4	237096.9	0	0	0	0	0	0	0
G1	374640.3	3766736	1	374536.9	3766732	1	0	2	4	249667.7	0	0	0	0	0	0	0
G1	375332.8	3766762	1	374970.6	3766750	1	0	2	4	252334.5	0	0	0	0	0	0	0
G1	374886.8	3766747	1	374849.9	3766746	1	0	2	4	253128.4	0	0	0	0	0	0	0
G1	374541.1	3766757	1	374650.5	3766762	1	0	2	4	249621.8	0	0	0	0	0	0	0
G1	374890.5	3766775	1	374861.9	3766772	1	0	2	4	253005.3	0	0	0	0	0	0	0
G1	374650.5	3766762	1	374747.6	3766767	1	0	2	4	250539.0	0	0	0	0	0	0	0
G1	374849.9	3766746	1	374690.7	3766738	1	0	2	4	251726.5	0	0	0	0	0	0	0
G1	374890.5	3766775	1	375294.7	3766791	1	0	2	4	253524.2	0	0	0	0	0	0	0
G1	374536.9	3766732	1	374460.9	3766729	1	0	2	4	248397.2	0	0	0	0	0	0	0
G1	374970.6	3766750	1	374915.5	3766748	1	0	2	4	254226.5	0	0	0	0	0	0	0
G1	374915.5	3766748	1	374886.8	3766747	1	0	2	4	253636.8	0	0	0	0	0	0	0
G1	374355.0	3766755	1	374468.6	3766754	1	0	2	4	246980.1	0	0	0	0	0	0	0
G1	374747.6	3766767	1	374774.4	3766768	1	0	2	4	251378.0	0	0	0	0	0	0	0
G1	374774.4	3766768	1	374861.9	3766772	1	0	2	4	252198.9	0	0	0	0	0	0	0
G1	374460.9	3766729	1	374349.5	3766728	1	0	2	4	247046.9	0	0	0	0	0	0	0
G1	374254.3	3766763	1	374279.2	3766760	1	0	2	4	246469.2	0	0	0	0	0	0	0
G1	374279.2	3766760	1	374320.2	3766756	1	0	2	4	247135.4	0	0	0	0	0	0	0
G1	374320.2	3766756	1	374355.0	3766755	1	0	2	4	247760.6	0	0	0	0	0	0	0
G1	374468.6	3766754	1	374541.1	3766757	1	0	2	4	248348.7	0	0	0	0	0	0	0
G1	374349.5	3766728	1	374272.2	3766735	1	0	2	4	247408.2	0	0	0	0	0	0	0
G1	374272.2	3766735	1	374246.1	3766737	1	0	2	4	246471.4	0	0	0	0	0	0	0
G1	374674.4	3766738	1	374640.3	3766736	1	0	2	4	250640.4	0	0	0	0	0	0	0
G1	374690.7	3766738	1	374674.4	3766738	1	0	2	4	250396.0	0	0	0	0	0	0	0
G1	375817.8	3766785	1	375797.9	3766784	1	0	2	4	242817.8	0	0	0	0	0	0	0
G1	375797.9	3766784	1	375765.8	3766783	1	0	2	4	242398.4	0	0	0	0	0	0	0
G1	375407.0	3766796	1	375377.8	3766794	1	0	2	4	255518.3	0	0	0	0	0	0	0
G1	375835.4	3766814	1	375867.2	3766816	1	0	2	4	243585.1	0	0	0	0	0	0	0
G1	375867.2	3766816	1	375940.0	3766819	1	0	2	4	244466.3	0	0	0	0	0	0	0
G1	375294.7	3766791	1	375354.3	3766793	1	0	2	4	254674.1	0	0	0	0	0	0	0
G1	375354.3	3766793	1	375362.6	3766794	1	0	2	4	255149.9	0	0	0	0	0	0	0
G1	375529.4	3766768	1	375447.6	3766766	1	0	2	4	245039.2	0	0	0	0	0	0	0
G1	375381.6	3766763	1	375366.4	3766762	1	0	2	4	255539.1	0	0	0	0	0	0	0
G1	375981.4	3766820	1	376145.7	3766827	1	0	2	4	246960.8	0	0	0	0	0	0	0
G1	375351.9	3766762	1	375332.8	3766762	1	0	2	4	255100.9	0	0	0	0	0	0	0
G1	375366.4	3766762	1	375351.9	3766762	1	0	2	4	255305.3	0	0	0	0	0	0	0
G1	376145.7	3766827	1	376201.2	3766829	1	0	2	4	247990.6	0	0	0	0	0	0	0
G1	375447.6	3766766	1	375394.3	3766764	1	0	2	4	244274.6	0	0	0	0	0	0	0
G1	375394.3	3766764	1	375381.6	3766763	1	0	2	4	255758.2	0	0	0	0	0	0	0
G1	375436.1	3766797	1	375407.0	3766796	1	0	2	4	244012.0	0	0	0	0	0	0	0
G1	375765.8	3766783	1	375738.9	3766782	1	0	2	4	241904.1	0	0	0	0	0	0	0
G1	375738.9	3766782	1	375657.7	3766775	1	0	2	4	238733.6	0	0	0	0	0	0	0
G1	375657.7	3766775	1	375576.4	3766771	1	0	2	4	244433.5	0	0	0	0	0	0	0
G1	375576.4	3766771	1	375529.4	3766768	1	0	2	4	245793.0	0	0	0	0	0	0	0
G1	375770.5	3766810	1	375810.8	3766813	1	0	2	4	242573.9	0	0	0	0	0	0	0
G1	375810.8	3766813	1	375835.4	3766814	1	0	2	4	243119.2	0	0	0	0	0	0	0
G1	375436.1	3766797	1	375461.7	3766798	1	0	2	4	244309.3	0	0	0	0	0	0	0
G1	375362.6	3766794	1	375377.8	3766794	1	0	2	4	255334.0	0	0	0	0	0	0	0
G1	376290.2	3766808	1	376250.6	3766806	1	0	2	4	249046.2	0	0	0	0	0	0	0
G1	376250.6	3766806	1	376183.8	3766803	1	0	2	4	248492.8	0	0	0	0	0	0	0
G1	375560.0	3766802	1	375744.8	3766809	1	0	2	4	236705.0	0	0	0	0	0	0	0
G1	375744.8	3766809	1	375749.3	3766809	1	0	2	4	239539.5	0	0	0	0	0	0	0
G1	375749.3	3766809	1	375770.5	3766810	1	0	2	4	239752.8	0	0	0	0	0	0	0
G1	375940.0	3766819	1	375981.4	3766820	1	0	2	4	245324.9	0	0	0	0	0	0	0
G1	376201.2	3766829	1	376288.3	3766832	1	0	2	4	248800.8	0	0	0	0	0	0	0
G1	375461.7	3766798	1	375548.5	3766801	1	0	2	4	245115.5	0	0	0	0	0	0	0
G1	375548.5	3766801	1	375560.0	3766802	1	0	2	4	245717.5	0	0	0	0	0	0	0
G1	376183.8	3766803	1	375983.4	3766793	1	0	2	4	247133.5	0	0	0	0	0	0	0
G1	375983.4	3766793	1	375851.3	3766787	1	0	2	4	244647.9	0	0	0	0	0	0	0
G1	375851.3	3766787	1	375817.8	3766785	1	0	2	4	243256.2	0	0	0	0	0	0	0
G1	376306.1	3766832	1	376404.2	3766836	1	0	2	4	275957.6	0	0	0	0	0	0	0
G1	376817.1	3766833	1	376618.4	3766824	1	0	2	4	272034.6	0	0	0	0	0	0	0
G1	376618.4	3766824	1	376595.8	3766823	1	0	2	4	274301.6	0	0	0	0	0	0	0
G1	376595.8	3766823	1	376515.0	3766818	1	0	2	4	274121.4	0	0	0	0	0	0	0
G1	376377.3	3766811	1	376346.9	3766810	1	0	2	4	276089.3	0	0	0	0	0	0	0
G1	376404.2	3766836	1	376447.8	3766838	1	0	2	4	276184.4	0	0	0	0	0	0	0
G1	376447.8	3766838	1	376522.2	3766841	1	0	2	4	276412.9	0	0	0	0	0	0	0
G1	376288.3	3766832	1	376306.1	3766832	1	0	2	4	249396.6	0	0	0	0	0	0	0
G1	376515.0	3766818	1	376377.3	3766811	1	0	2	4	276327.0	0	0	0	0	0	0	0
G1	376816.7	3766854	1	376522.2	3766841	1	0	2	4	271645.4	0	0	0	0	0	0	0
G1	376346.9	3766810	1	376290.2	3766808	1	0	2	4	275930.4	0	0	0	0	0	0	0
